28 0 0
28 0.1 0
28 0.2 0
28 0.3 0
28 0.4 0
28 0.5 0
28 0.6 0
28 0.7 0
28 0.8 0
28 0.9 0
28 1 0
28 1.1 0
28 1.2 0
28 1.3 0
28 1.4 0
28 1.5 0.04
28 1.6 0
28 1.7 0.02
28 1.8 0.08
28 1.9 0.08
28 2 0.16
28 2.1 0.08
28 2.2 0.18
28 2.3 0.08
28 2.4 0.12
28 2.5 0.14
28 2.6 0.24
28 2.7 0.12
28 2.8 0.18
28 2.9 0.3
28 3 0.12
28 3.1 0.32
28 3.2 0.26
28 3.3 0.36
28 3.4 0.32
28 3.5 0.38
28 3.6 0.28
28 3.7 0.22
28 3.8 0.38
28 3.9 0.46
28 4 0.42
28 4.1 0.5
28 4.2 0.48
28 4.3 0.52
28 4.4 0.62
28 4.5 0.74
28 4.6 0.84
28 4.7 0.88
28 4.8 0.8
28 4.9 0.86
28 5 0.86
28 5.1 0.88
28 5.2 0.9
28 5.3 0.78
28 5.4 1
28 5.5 0.96
28 5.6 0.98
28 5.7 0.98
28 5.8 1
28 5.9 0.92
28 6 0.98
28 6.1 0.96
28 6.2 0.98
28 6.3 1
28 6.4 1
28 6.5 1
28 6.6 0.98
28 6.7 1
28 6.8 1
28 6.9 1
28 7 1
28 7.1 0.98
28 7.2 1
28 7.3 1
28 7.4 1
28 7.5 1
28 7.6 1
28 7.7 1
28 7.8 1
28 7.9 1
28 8 1
28 8.1 1
28 8.2 1
28 8.3 1
28 8.4 1
28 8.5 1
28 8.6 1
28 8.7 1
28 8.8 1
28 8.9 1
28 9 1
28 9.1 1
28 9.2 1
28 9.3 1
28 9.4 1
28 9.5 1
28 9.6 1
28 9.7 1
28 9.8 1
28 9.9 1
28 10 1
28.5 0 0
28.5 0.1 0
28.5 0.2 0
28.5 0.3 0
28.5 0.4 0
28.5 0.5 0
28.5 0.6 0
28.5 0.7 0
28.5 0.8 0
28.5 0.9 0
28.5 1 0
28.5 1.1 0
28.5 1.2 0
28.5 1.3 0
28.5 1.4 0
28.5 1.5 0
28.5 1.6 0
28.5 1.7 0.02
28.5 1.8 0.04
28.5 1.9 0.02
28.5 2 0
28.5 2.1 0.04
28.5 2.2 0.04
28.5 2.3 0.08
28.5 2.4 0.12
28.5 2.5 0.08
28.5 2.6 0.06
28.5 2.7 0.18
28.5 2.8 0.1
28.5 2.9 0.08
28.5 3 0.2
28.5 3.1 0.18
28.5 3.2 0.2
28.5 3.3 0.32
28.5 3.4 0.24
28.5 3.5 0.2
28.5 3.6 0.22
28.5 3.7 0.32
28.5 3.8 0.24
28.5 3.9 0.24
28.5 4 0.36
28.5 4.1 0.32
28.5 4.2 0.52
28.5 4.3 0.46
28.5 4.4 0.64
28.5 4.5 0.58
28.5 4.6 0.7
28.5 4.7 0.72
28.5 4.8 0.7
28.5 4.9 0.84
28.5 5 0.76
28.5 5.1 0.8
28.5 5.2 0.9
28.5 5.3 0.98
28.5 5.4 0.9
28.5 5.5 1
28.5 5.6 0.92
28.5 5.7 1
28.5 5.8 0.98
28.5 5.9 0.96
28.5 6 1
28.5 6.1 0.96
28.5 6.2 1
28.5 6.3 0.98
28.5 6.4 1
28.5 6.5 1
28.5 6.6 1
28.5 6.7 1
28.5 6.8 0.98
28.5 6.9 1
28.5 7 1
28.5 7.1 0.98
28.5 7.2 1
28.5 7.3 1
28.5 7.4 1
28.5 7.5 1
28.5 7.6 1
28.5 7.7 1
28.5 7.8 1
28.5 7.9 1
28.5 8 1
28.5 8.1 1
28.5 8.2 1
28.5 8.3 1
28.5 8.4 1
28.5 8.5 1
28.5 8.6 1
28.5 8.7 1
28.5 8.8 1
28.5 8.9 1
28.5 9 1
28.5 9.1 1
28.5 9.2 1
28.5 9.3 1
28.5 9.4 1
28.5 9.5 1
28.5 9.6 1
28.5 9.7 1
28.5 9.8 1
28.5 9.9 1
28.5 10 1
29 0 0
29 0.1 0
29 0.2 0
29 0.3 0
29 0.4 0
29 0.5 0
29 0.6 0
29 0.7 0
29 0.8 0
29 0.9 0
29 1 0
29 1.1 0
29 1.2 0
29 1.3 0
29 1.4 0
29 1.5 0
29 1.6 0
29 1.7 0
29 1.8 0
29 1.9 0.02
29 2 0.1
29 2.1 0.16
29 2.2 0.08
29 2.3 0.06
29 2.4 0.16
29 2.5 0.14
29 2.6 0.08
29 2.7 0.1
29 2.8 0.16
29 2.9 0.14
29 3 0.06
29 3.1 0.2
29 3.2 0.18
29 3.3 0.12
29 3.4 0.14
29 3.5 0.16
29 3.6 0.28
29 3.7 0.18
29 3.8 0.36
29 3.9 0.46
29 4 0.6
29 4.1 0.46
29 4.2 0.38
29 4.3 0.48
29 4.4 0.52
29 4.5 0.6
29 4.6 0.68
29 4.7 0.72
29 4.8 0.68
29 4.9 0.72
29 5 0.84
29 5.1 0.86
29 5.2 0.92
29 5.3 0.8
29 5.4 0.86
29 5.5 0.98
29 5.6 0.92
29 5.7 0.96
29 5.8 0.98
29 5.9 1
29 6 0.96
29 6.1 0.94
29 6.2 0.98
29 6.3 0.9
29 6.4 0.98
29 6.5 1
29 6.6 0.98
29 6.7 1
29 6.8 1
29 6.9 1
29 7 1
29 7.1 1
29 7.2 1
29 7.3 1
29 7.4 1
29 7.5 1
29 7.6 1
29 7.7 1
29 7.8 1
29 7.9 1
29 8 1
29 8.1 1
29 8.2 1
29 8.3 1
29 8.4 1
29 8.5 1
29 8.6 1
29 8.7 1
29 8.8 1
29 8.9 1
29 9 1
29 9.1 1
29 9.2 1
29 9.3 1
29 9.4 1
29 9.5 1
29 9.6 1
29 9.7 1
29 9.8 1
29 9.9 1
29 10 1
29.5 0 0
29.5 0.1 0
29.5 0.2 0
29.5 0.3 0
29.5 0.4 0
29.5 0.5 0
29.5 0.6 0
29.5 0.7 0
29.5 0.8 0
29.5 0.9 0
29.5 1 0
29.5 1.1 0
29.5 1.2 0
29.5 1.3 0
29.5 1.4 0
29.5 1.5 0
29.5 1.6 0
29.5 1.7 0.02
29.5 1.8 0.02
29.5 1.9 0
29.5 2 0.04
29.5 2.1 0.04
29.5 2.2 0.06
29.5 2.3 0.02
29.5 2.4 0.02
29.5 2.5 0.06
29.5 2.6 0.02
29.5 2.7 0.04
29.5 2.8 0.06
29.5 2.9 0.1
29.5 3 0.06
29.5 3.1 0.1
29.5 3.2 0.08
29.5 3.3 0.14
29.5 3.4 0.2
29.5 3.5 0.24
29.5 3.6 0.26
29.5 3.7 0.2
29.5 3.8 0.18
29.5 3.9 0.28
29.5 4 0.38
29.5 4.1 0.32
29.5 4.2 0.34
29.5 4.3 0.54
29.5 4.4 0.48
29.5 4.5 0.54
29.5 4.6 0.62
29.5 4.7 0.68
29.5 4.8 0.7
29.5 4.9 0.68
29.5 5 0.8
29.5 5.1 0.76
29.5 5.2 0.86
29.5 5.3 0.86
29.5 5.4 0.92
29.5 5.5 0.88
29.5 5.6 0.96
29.5 5.7 0.96
29.5 5.8 0.94
29.5 5.9 0.94
29.5 6 0.96
29.5 6.1 0.98
29.5 6.2 1
29.5 6.3 1
29.5 6.4 1
29.5 6.5 1
29.5 6.6 0.98
29.5 6.7 1
29.5 6.8 0.98
29.5 6.9 0.98
29.5 7 1
29.5 7.1 1
29.5 7.2 1
29.5 7.3 1
29.5 7.4 1
29.5 7.5 1
29.5 7.6 1
29.5 7.7 1
29.5 7.8 1
29.5 7.9 1
29.5 8 1
29.5 8.1 1
29.5 8.2 1
29.5 8.3 1
29.5 8.4 1
29.5 8.5 1
29.5 8.6 0.98
29.5 8.7 1
29.5 8.8 1
29.5 8.9 1
29.5 9 1
29.5 9.1 1
29.5 9.2 1
29.5 9.3 1
29.5 9.4 1
29.5 9.5 1
29.5 9.6 1
29.5 9.7 1
29.5 9.8 1
29.5 9.9 1
29.5 10 1
30 0 0
30 0.1 0
30 0.2 0
30 0.3 0
30 0.4 0
30 0.5 0
30 0.6 0
30 0.7 0
30 0.8 0
30 0.9 0
30 1 0
30 1.1 0
30 1.2 0
30 1.3 0
30 1.4 0
30 1.5 0
30 1.6 0
30 1.7 0
30 1.8 0.02
30 1.9 0.04
30 2 0.02
30 2.1 0
30 2.2 0.02
30 2.3 0.02
30 2.4 0.04
30 2.5 0.1
30 2.6 0.04
30 2.7 0.04
30 2.8 0.08
30 2.9 0.12
30 3 0.14
30 3.1 0.2
30 3.2 0.1
30 3.3 0.22
30 3.4 0.14
30 3.5 0.16
30 3.6 0.12
30 3.7 0.08
30 3.8 0.3
30 3.9 0.28
30 4 0.2
30 4.1 0.28
30 4.2 0.38
30 4.3 0.42
30 4.4 0.48
30 4.5 0.52
30 4.6 0.58
30 4.7 0.64
30 4.8 0.78
30 4.9 0.74
30 5 0.76
30 5.1 0.76
30 5.2 0.9
30 5.3 0.94
30 5.4 0.82
30 5.5 0.84
30 5.6 0.9
30 5.7 0.98
30 5.8 0.86
30 5.9 0.92
30 6 0.98
30 6.1 0.94
30 6.2 0.98
30 6.3 0.98
30 6.4 0.98
30 6.5 0.96
30 6.6 0.98
30 6.7 0.98
30 6.8 1
30 6.9 0.96
30 7 1
30 7.1 1
30 7.2 0.98
30 7.3 1
30 7.4 1
30 7.5 1
30 7.6 1
30 7.7 1
30 7.8 1
30 7.9 1
30 8 1
30 8.1 1
30 8.2 1
30 8.3 1
30 8.4 1
30 8.5 1
30 8.6 1
30 8.7 1
30 8.8 1
30 8.9 1
30 9 1
30 9.1 1
30 9.2 1
30 9.3 1
30 9.4 1
30 9.5 1
30 9.6 1
30 9.7 1
30 9.8 1
30 9.9 1
30 10 1
30.5 0 0
30.5 0.1 0
30.5 0.2 0
30.5 0.3 0
30.5 0.4 0
30.5 0.5 0
30.5 0.6 0
30.5 0.7 0
30.5 0.8 0
30.5 0.9 0
30.5 1 0
30.5 1.1 0
30.5 1.2 0
30.5 1.3 0
30.5 1.4 0
30.5 1.5 0
30.5 1.6 0
30.5 1.7 0
30.5 1.8 0
30.5 1.9 0.02
30.5 2 0.02
30.5 2.1 0.02
30.5 2.2 0
30.5 2.3 0.02
30.5 2.4 0.04
30.5 2.5 0
30.5 2.6 0.02
30.5 2.7 0.06
30.5 2.8 0.08
30.5 2.9 0.1
30.5 3 0.12
30.5 3.1 0.06
30.5 3.2 0.1
30.5 3.3 0.22
30.5 3.4 0.18
30.5 3.5 0.22
30.5 3.6 0.12
30.5 3.7 0.16
30.5 3.8 0.32
30.5 3.9 0.2
30.5 4 0.22
30.5 4.1 0.24
30.5 4.2 0.32
30.5 4.3 0.46
30.5 4.4 0.36
30.5 4.5 0.48
30.5 4.6 0.46
30.5 4.7 0.52
30.5 4.8 0.68
30.5 4.9 0.7
30.5 5 0.82
30.5 5.1 0.8
30.5 5.2 0.78
30.5 5.3 0.86
30.5 5.4 0.86
30.5 5.5 0.9
30.5 5.6 0.9
30.5 5.7 0.98
30.5 5.8 0.98
30.5 5.9 0.94
30.5 6 1
30.5 6.1 0.9
30.5 6.2 0.94
30.5 6.3 0.96
30.5 6.4 0.98
30.5 6.5 1
30.5 6.6 1
30.5 6.7 0.96
30.5 6.8 1
30.5 6.9 1
30.5 7 1
30.5 7.1 0.96
30.5 7.2 0.98
30.5 7.3 1
30.5 7.4 1
30.5 7.5 1
30.5 7.6 1
30.5 7.7 0.98
30.5 7.8 1
30.5 7.9 1
30.5 8 1
30.5 8.1 1
30.5 8.2 1
30.5 8.3 1
30.5 8.4 1
30.5 8.5 1
30.5 8.6 1
30.5 8.7 1
30.5 8.8 1
30.5 8.9 1
30.5 9 0.98
30.5 9.1 1
30.5 9.2 1
30.5 9.3 1
30.5 9.4 1
30.5 9.5 1
30.5 9.6 1
30.5 9.7 1
30.5 9.8 1
30.5 9.9 1
30.5 10 1
31 0 0
31 0.1 0
31 0.2 0
31 0.3 0
31 0.4 0
31 0.5 0
31 0.6 0
31 0.7 0
31 0.8 0
31 0.9 0
31 1 0
31 1.1 0
31 1.2 0
31 1.3 0
31 1.4 0
31 1.5 0
31 1.6 0
31 1.7 0
31 1.8 0
31 1.9 0
31 2 0
31 2.1 0
31 2.2 0.04
31 2.3 0.02
31 2.4 0.02
31 2.5 0.02
31 2.6 0.12
31 2.7 0.08
31 2.8 0.04
31 2.9 0.02
31 3 0.04
31 3.1 0.08
31 3.2 0.06
31 3.3 0.08
31 3.4 0.08
31 3.5 0.1
31 3.6 0.12
31 3.7 0.18
31 3.8 0.2
31 3.9 0.1
31 4 0.26
31 4.1 0.32
31 4.2 0.18
31 4.3 0.18
31 4.4 0.44
31 4.5 0.52
31 4.6 0.44
31 4.7 0.6
31 4.8 0.62
31 4.9 0.66
31 5 0.72
31 5.1 0.74
31 5.2 0.76
31 5.3 0.84
31 5.4 0.88
31 5.5 0.88
31 5.6 0.84
31 5.7 0.92
31 5.8 0.92
31 5.9 0.98
31 6 0.96
31 6.1 0.96
31 6.2 0.96
31 6.3 0.98
31 6.4 0.94
31 6.5 1
31 6.6 1
31 6.7 0.98
31 6.8 0.98
31 6.9 1
31 7 1
31 7.1 1
31 7.2 1
31 7.3 1
31 7.4 1
31 7.5 1
31 7.6 1
31 7.7 1
31 7.8 1
31 7.9 1
31 8 1
31 8.1 1
31 8.2 1
31 8.3 1
31 8.4 1
31 8.5 1
31 8.6 1
31 8.7 1
31 8.8 1
31 8.9 1
31 9 1
31 9.1 1
31 9.2 1
31 9.3 1
31 9.4 1
31 9.5 1
31 9.6 1
31 9.7 1
31 9.8 1
31 9.9 1
31 10 1
31.5 0 0
31.5 0.1 0
31.5 0.2 0
31.5 0.3 0
31.5 0.4 0
31.5 0.5 0
31.5 0.6 0
31.5 0.7 0
31.5 0.8 0
31.5 0.9 0
31.5 1 0
31.5 1.1 0
31.5 1.2 0
31.5 1.3 0
31.5 1.4 0
31.5 1.5 0
31.5 1.6 0
31.5 1.7 0
31.5 1.8 0
31.5 1.9 0
31.5 2 0
31.5 2.1 0
31.5 2.2 0.02
31.5 2.3 0.02
31.5 2.4 0.02
31.5 2.5 0
31.5 2.6 0.04
31.5 2.7 0
31.5 2.8 0.02
31.5 2.9 0.1
31.5 3 0.04
31.5 3.1 0.06
31.5 3.2 0.12
31.5 3.3 0.1
31.5 3.4 0.16
31.5 3.5 0.1
31.5 3.6 0.14
31.5 3.7 0.04
31.5 3.8 0.18
31.5 3.9 0.14
31.5 4 0.22
31.5 4.1 0.22
31.5 4.2 0.24
31.5 4.3 0.38
31.5 4.4 0.24
31.5 4.5 0.38
31.5 4.6 0.38
31.5 4.7 0.58
31.5 4.8 0.5
31.5 4.9 0.64
31.5 5 0.58
31.5 5.1 0.74
31.5 5.2 0.78
31.5 5.3 0.92
31.5 5.4 0.82
31.5 5.5 0.86
31.5 5.6 0.92
31.5 5.7 0.94
31.5 5.8 0.94
31.5 5.9 0.9
31.5 6 1
31.5 6.1 0.96
31.5 6.2 0.96
31.5 6.3 0.98
31.5 6.4 0.98
31.5 6.5 0.96
31.5 6.6 0.98
31.5 6.7 0.98
31.5 6.8 1
31.5 6.9 1
31.5 7 1
31.5 7.1 1
31.5 7.2 1
31.5 7.3 1
31.5 7.4 0.98
31.5 7.5 1
31.5 7.6 1
31.5 7.7 1
31.5 7.8 0.98
31.5 7.9 1
31.5 8 1
31.5 8.1 1
31.5 8.2 1
31.5 8.3 1
31.5 8.4 1
31.5 8.5 1
31.5 8.6 1
31.5 8.7 1
31.5 8.8 1
31.5 8.9 1
31.5 9 1
31.5 9.1 1
31.5 9.2 1
31.5 9.3 1
31.5 9.4 1
31.5 9.5 1
31.5 9.6 1
31.5 9.7 1
31.5 9.8 1
31.5 9.9 1
31.5 10 1
32 0 0
32 0.1 0
32 0.2 0
32 0.3 0
32 0.4 0
32 0.5 0
32 0.6 0
32 0.7 0
32 0.8 0
32 0.9 0
32 1 0
32 1.1 0
32 1.2 0
32 1.3 0
32 1.4 0
32 1.5 0
32 1.6 0
32 1.7 0
32 1.8 0
32 1.9 0
32 2 0
32 2.1 0
32 2.2 0
32 2.3 0
32 2.4 0.02
32 2.5 0
32 2.6 0
32 2.7 0.06
32 2.8 0
32 2.9 0.02
32 3 0
32 3.1 0.02
32 3.2 0.06
32 3.3 0.02
32 3.4 0.06
32 3.5 0.12
32 3.6 0.14
32 3.7 0.12
32 3.8 0.12
32 3.9 0.08
32 4 0.28
32 4.1 0.18
32 4.2 0.22
32 4.3 0.26
32 4.4 0.36
32 4.5 0.38
32 4.6 0.42
32 4.7 0.36
32 4.8 0.64
32 4.9 0.58
32 5 0.6
32 5.1 0.72
32 5.2 0.64
32 5.3 0.74
32 5.4 0.78
32 5.5 0.82
32 5.6 0.84
32 5.7 0.9
32 5.8 0.84
32 5.9 0.96
32 6 0.96
32 6.1 0.9
32 6.2 0.88
32 6.3 1
32 6.4 1
32 6.5 0.98
32 6.6 0.98
32 6.7 1
32 6.8 1
32 6.9 0.96
32 7 0.98
32 7.1 1
32 7.2 1
32 7.3 1
32 7.4 0.98
32 7.5 1
32 7.6 0.98
32 7.7 1
32 7.8 1
32 7.9 1
32 8 1
32 8.1 1
32 8.2 1
32 8.3 1
32 8.4 1
32 8.5 1
32 8.6 1
32 8.7 1
32 8.8 1
32 8.9 1
32 9 1
32 9.1 1
32 9.2 1
32 9.3 1
32 9.4 1
32 9.5 1
32 9.6 1
32 9.7 1
32 9.8 1
32 9.9 1
32 10 1
32.5 0 0
32.5 0.1 0
32.5 0.2 0
32.5 0.3 0
32.5 0.4 0
32.5 0.5 0
32.5 0.6 0
32.5 0.7 0
32.5 0.8 0
32.5 0.9 0
32.5 1 0
32.5 1.1 0
32.5 1.2 0
32.5 1.3 0
32.5 1.4 0
32.5 1.5 0
32.5 1.6 0
32.5 1.7 0
32.5 1.8 0
32.5 1.9 0
32.5 2 0
32.5 2.1 0
32.5 2.2 0
32.5 2.3 0
32.5 2.4 0
32.5 2.5 0
32.5 2.6 0
32.5 2.7 0.06
32.5 2.8 0
32.5 2.9 0.04
32.5 3 0.06
32.5 3.1 0.02
32.5 3.2 0.02
32.5 3.3 0.04
32.5 3.4 0.06
32.5 3.5 0.04
32.5 3.6 0.04
32.5 3.7 0.08
32.5 3.8 0.12
32.5 3.9 0.1
32.5 4 0.1
32.5 4.1 0.16
32.5 4.2 0.16
32.5 4.3 0.24
32.5 4.4 0.18
32.5 4.5 0.3
32.5 4.6 0.3
32.5 4.7 0.48
32.5 4.8 0.32
32.5 4.9 0.42
32.5 5 0.6
32.5 5.1 0.64
32.5 5.2 0.72
32.5 5.3 0.74
32.5 5.4 0.8
32.5 5.5 0.88
32.5 5.6 0.92
32.5 5.7 0.82
32.5 5.8 0.86
32.5 5.9 0.84
32.5 6 0.9
32.5 6.1 0.9
32.5 6.2 0.98
32.5 6.3 0.96
32.5 6.4 0.96
32.5 6.5 1
32.5 6.6 0.96
32.5 6.7 1
32.5 6.8 1
32.5 6.9 0.98
32.5 7 1
32.5 7.1 1
32.5 7.2 1
32.5 7.3 1
32.5 7.4 1
32.5 7.5 0.98
32.5 7.6 1
32.5 7.7 1
32.5 7.8 1
32.5 7.9 0.98
32.5 8 1
32.5 8.1 1
32.5 8.2 1
32.5 8.3 1
32.5 8.4 1
32.5 8.5 1
32.5 8.6 1
32.5 8.7 1
32.5 8.8 1
32.5 8.9 1
32.5 9 1
32.5 9.1 1
32.5 9.2 1
32.5 9.3 1
32.5 9.4 1
32.5 9.5 1
32.5 9.6 1
32.5 9.7 1
32.5 9.8 1
32.5 9.9 1
32.5 10 1
33 0 0
33 0.1 0
33 0.2 0
33 0.3 0
33 0.4 0
33 0.5 0
33 0.6 0
33 0.7 0
33 0.8 0
33 0.9 0
33 1 0
33 1.1 0
33 1.2 0
33 1.3 0
33 1.4 0
33 1.5 0
33 1.6 0
33 1.7 0
33 1.8 0
33 1.9 0
33 2 0
33 2.1 0
33 2.2 0
33 2.3 0
33 2.4 0
33 2.5 0
33 2.6 0
33 2.7 0.02
33 2.8 0
33 2.9 0.02
33 3 0.04
33 3.1 0
33 3.2 0.08
33 3.3 0.06
33 3.4 0.04
33 3.5 0.04
33 3.6 0.04
33 3.7 0
33 3.8 0.1
33 3.9 0.04
33 4 0.08
33 4.1 0.14
33 4.2 0.08
33 4.3 0.26
33 4.4 0.18
33 4.5 0.32
33 4.6 0.28
33 4.7 0.28
33 4.8 0.42
33 4.9 0.4
33 5 0.46
33 5.1 0.62
33 5.2 0.74
33 5.3 0.58
33 5.4 0.72
33 5.5 0.74
33 5.6 0.74
33 5.7 0.86
33 5.8 0.9
33 5.9 0.86
33 6 0.94
33 6.1 0.94
33 6.2 0.96
33 6.3 0.92
33 6.4 0.96
33 6.5 1
33 6.6 0.98
33 6.7 0.98
33 6.8 0.98
33 6.9 1
33 7 0.96
33 7.1 0.96
33 7.2 1
33 7.3 1
33 7.4 1
33 7.5 1
33 7.6 1
33 7.7 1
33 7.8 1
33 7.9 1
33 8 1
33 8.1 1
33 8.2 1
33 8.3 1
33 8.4 1
33 8.5 1
33 8.6 1
33 8.7 1
33 8.8 1
33 8.9 1
33 9 1
33 9.1 0.98
33 9.2 1
33 9.3 1
33 9.4 1
33 9.5 1
33 9.6 1
33 9.7 1
33 9.8 1
33 9.9 1
33 10 1
33.5 0 0
33.5 0.1 0
33.5 0.2 0
33.5 0.3 0
33.5 0.4 0
33.5 0.5 0
33.5 0.6 0
33.5 0.7 0
33.5 0.8 0
33.5 0.9 0
33.5 1 0
33.5 1.1 0
33.5 1.2 0
33.5 1.3 0
33.5 1.4 0
33.5 1.5 0
33.5 1.6 0
33.5 1.7 0
33.5 1.8 0
33.5 1.9 0
33.5 2 0
33.5 2.1 0
33.5 2.2 0
33.5 2.3 0
33.5 2.4 0.02
33.5 2.5 0
33.5 2.6 0
33.5 2.7 0
33.5 2.8 0.06
33.5 2.9 0
33.5 3 0.02
33.5 3.1 0
33.5 3.2 0
33.5 3.3 0.08
33.5 3.4 0.04
33.5 3.5 0.12
33.5 3.6 0.1
33.5 3.7 0.04
33.5 3.8 0.08
33.5 3.9 0.16
33.5 4 0.1
33.5 4.1 0.2
33.5 4.2 0.14
33.5 4.3 0.2
33.5 4.4 0.16
33.5 4.5 0.18
33.5 4.6 0.32
33.5 4.7 0.38
33.5 4.8 0.38
33.5 4.9 0.38
33.5 5 0.54
33.5 5.1 0.52
33.5 5.2 0.58
33.5 5.3 0.66
33.5 5.4 0.64
33.5 5.5 0.66
33.5 5.6 0.7
33.5 5.7 0.88
33.5 5.8 0.92
33.5 5.9 0.94
33.5 6 0.96
33.5 6.1 0.9
33.5 6.2 0.94
33.5 6.3 0.94
33.5 6.4 0.96
33.5 6.5 0.98
33.5 6.6 0.96
33.5 6.7 1
33.5 6.8 1
33.5 6.9 1
33.5 7 1
33.5 7.1 0.98
33.5 7.2 1
33.5 7.3 1
33.5 7.4 1
33.5 7.5 1
33.5 7.6 0.98
33.5 7.7 1
33.5 7.8 1
33.5 7.9 1
33.5 8 1
33.5 8.1 1
33.5 8.2 0.98
33.5 8.3 1
33.5 8.4 1
33.5 8.5 1
33.5 8.6 1
33.5 8.7 1
33.5 8.8 1
33.5 8.9 1
33.5 9 1
33.5 9.1 1
33.5 9.2 1
33.5 9.3 1
33.5 9.4 1
33.5 9.5 1
33.5 9.6 1
33.5 9.7 1
33.5 9.8 1
33.5 9.9 1
33.5 10 1
34 0 0
34 0.1 0
34 0.2 0
34 0.3 0
34 0.4 0
34 0.5 0
34 0.6 0
34 0.7 0
34 0.8 0
34 0.9 0
34 1 0
34 1.1 0
34 1.2 0
34 1.3 0
34 1.4 0
34 1.5 0
34 1.6 0
34 1.7 0
34 1.8 0
34 1.9 0
34 2 0
34 2.1 0
34 2.2 0
34 2.3 0
34 2.4 0
34 2.5 0
34 2.6 0
34 2.7 0
34 2.8 0
34 2.9 0.02
34 3 0
34 3.1 0.04
34 3.2 0
34 3.3 0.04
34 3.4 0.04
34 3.5 0.06
34 3.6 0.1
34 3.7 0.04
34 3.8 0.04
34 3.9 0.02
34 4 0.1
34 4.1 0.1
34 4.2 0.1
34 4.3 0.06
34 4.4 0.16
34 4.5 0.22
34 4.6 0.2
34 4.7 0.32
34 4.8 0.46
34 4.9 0.34
34 5 0.46
34 5.1 0.5
34 5.2 0.46
34 5.3 0.48
34 5.4 0.72
34 5.5 0.74
34 5.6 0.78
34 5.7 0.82
34 5.8 0.84
34 5.9 0.9
34 6 0.84
34 6.1 0.96
34 6.2 0.88
34 6.3 0.9
34 6.4 0.98
34 6.5 0.94
34 6.6 0.98
34 6.7 1
34 6.8 0.98
34 6.9 1
34 7 0.98
34 7.1 0.98
34 7.2 1
34 7.3 1
34 7.4 1
34 7.5 1
34 7.6 1
34 7.7 1
34 7.8 1
34 7.9 1
34 8 1
34 8.1 1
34 8.2 1
34 8.3 1
34 8.4 1
34 8.5 1
34 8.6 0.98
34 8.7 1
34 8.8 1
34 8.9 1
34 9 1
34 9.1 1
34 9.2 1
34 9.3 1
34 9.4 1
34 9.5 1
34 9.6 1
34 9.7 1
34 9.8 1
34 9.9 1
34 10 1
34.5 0 0
34.5 0.1 0
34.5 0.2 0
34.5 0.3 0
34.5 0.4 0
34.5 0.5 0
34.5 0.6 0
34.5 0.7 0
34.5 0.8 0
34.5 0.9 0
34.5 1 0
34.5 1.1 0
34.5 1.2 0
34.5 1.3 0
34.5 1.4 0
34.5 1.5 0
34.5 1.6 0
34.5 1.7 0
34.5 1.8 0
34.5 1.9 0
34.5 2 0
34.5 2.1 0
34.5 2.2 0
34.5 2.3 0
34.5 2.4 0
34.5 2.5 0
34.5 2.6 0.04
34.5 2.7 0
34.5 2.8 0
34.5 2.9 0
34.5 3 0
34.5 3.1 0.02
34.5 3.2 0.02
34.5 3.3 0.08
34.5 3.4 0
34.5 3.5 0.04
34.5 3.6 0
34.5 3.7 0.06
34.5 3.8 0.04
34.5 3.9 0.06
34.5 4 0.16
34.5 4.1 0.1
34.5 4.2 0.08
34.5 4.3 0.18
34.5 4.4 0.08
34.5 4.5 0.22
34.5 4.6 0.24
34.5 4.7 0.24
34.5 4.8 0.42
34.5 4.9 0.38
34.5 5 0.42
34.5 5.1 0.52
34.5 5.2 0.54
34.5 5.3 0.6
34.5 5.4 0.62
34.5 5.5 0.7
34.5 5.6 0.76
34.5 5.7 0.78
34.5 5.8 0.8
34.5 5.9 0.94
34.5 6 0.88
34.5 6.1 0.92
34.5 6.2 0.9
34.5 6.3 0.98
34.5 6.4 1
34.5 6.5 0.94
34.5 6.6 0.98
34.5 6.7 0.98
34.5 6.8 1
34.5 6.9 1
34.5 7 0.96
34.5 7.1 0.98
34.5 7.2 0.98
34.5 7.3 1
34.5 7.4 1
34.5 7.5 0.98
34.5 7.6 1
34.5 7.7 1
34.5 7.8 0.98
34.5 7.9 1
34.5 8 1
34.5 8.1 1
34.5 8.2 1
34.5 8.3 1
34.5 8.4 1
34.5 8.5 1
34.5 8.6 1
34.5 8.7 1
34.5 8.8 1
34.5 8.9 1
34.5 9 1
34.5 9.1 1
34.5 9.2 1
34.5 9.3 1
34.5 9.4 1
34.5 9.5 1
34.5 9.6 1
34.5 9.7 1
34.5 9.8 1
34.5 9.9 1
34.5 10 1
35 0 0
35 0.1 0
35 0.2 0
35 0.3 0
35 0.4 0
35 0.5 0
35 0.6 0
35 0.7 0
35 0.8 0
35 0.9 0
35 1 0
35 1.1 0
35 1.2 0
35 1.3 0
35 1.4 0
35 1.5 0
35 1.6 0
35 1.7 0
35 1.8 0
35 1.9 0
35 2 0
35 2.1 0
35 2.2 0
35 2.3 0
35 2.4 0
35 2.5 0
35 2.6 0.04
35 2.7 0
35 2.8 0
35 2.9 0
35 3 0.02
35 3.1 0.02
35 3.2 0.02
35 3.3 0
35 3.4 0.06
35 3.5 0.02
35 3.6 0.04
35 3.7 0.02
35 3.8 0.04
35 3.9 0.12
35 4 0.08
35 4.1 0.06
35 4.2 0.1
35 4.3 0.08
35 4.4 0.22
35 4.5 0.14
35 4.6 0.14
35 4.7 0.24
35 4.8 0.34
35 4.9 0.34
35 5 0.3
35 5.1 0.56
35 5.2 0.5
35 5.3 0.46
35 5.4 0.6
35 5.5 0.76
35 5.6 0.76
35 5.7 0.72
35 5.8 0.9
35 5.9 0.82
35 6 0.76
35 6.1 0.8
35 6.2 0.94
35 6.3 0.92
35 6.4 0.94
35 6.5 0.92
35 6.6 0.94
35 6.7 0.92
35 6.8 1
35 6.9 1
35 7 0.96
35 7.1 1
35 7.2 1
35 7.3 1
35 7.4 0.98
35 7.5 1
35 7.6 1
35 7.7 0.98
35 7.8 0.98
35 7.9 1
35 8 1
35 8.1 1
35 8.2 1
35 8.3 1
35 8.4 1
35 8.5 1
35 8.6 1
35 8.7 1
35 8.8 1
35 8.9 1
35 9 1
35 9.1 1
35 9.2 1
35 9.3 1
35 9.4 1
35 9.5 1
35 9.6 1
35 9.7 1
35 9.8 1
35 9.9 1
35 10 1
35.5 0 0
35.5 0.1 0
35.5 0.2 0
35.5 0.3 0
35.5 0.4 0
35.5 0.5 0
35.5 0.6 0
35.5 0.7 0
35.5 0.8 0
35.5 0.9 0
35.5 1 0
35.5 1.1 0
35.5 1.2 0
35.5 1.3 0
35.5 1.4 0
35.5 1.5 0
35.5 1.6 0
35.5 1.7 0
35.5 1.8 0
35.5 1.9 0
35.5 2 0
35.5 2.1 0
35.5 2.2 0
35.5 2.3 0
35.5 2.4 0
35.5 2.5 0
35.5 2.6 0
35.5 2.7 0
35.5 2.8 0
35.5 2.9 0.02
35.5 3 0.02
35.5 3.1 0.02
35.5 3.2 0.02
35.5 3.3 0
35.5 3.4 0.02
35.5 3.5 0.02
35.5 3.6 0
35.5 3.7 0.04
35.5 3.8 0.04
35.5 3.9 0.04
35.5 4 0.06
35.5 4.1 0.18
35.5 4.2 0.1
35.5 4.3 0.12
35.5 4.4 0.06
35.5 4.5 0.2
35.5 4.6 0.2
35.5 4.7 0.18
35.5 4.8 0.34
35.5 4.9 0.3
35.5 5 0.26
35.5 5.1 0.36
35.5 5.2 0.54
35.5 5.3 0.52
35.5 5.4 0.7
35.5 5.5 0.58
35.5 5.6 0.72
35.5 5.7 0.7
35.5 5.8 0.78
35.5 5.9 0.78
35.5 6 0.76
35.5 6.1 0.9
35.5 6.2 0.9
35.5 6.3 0.92
35.5 6.4 1
35.5 6.5 0.98
35.5 6.6 0.98
35.5 6.7 0.94
35.5 6.8 0.98
35.5 6.9 0.98
35.5 7 1
35.5 7.1 1
35.5 7.2 1
35.5 7.3 1
35.5 7.4 1
35.5 7.5 1
35.5 7.6 1
35.5 7.7 1
35.5 7.8 1
35.5 7.9 0.98
35.5 8 1
35.5 8.1 1
35.5 8.2 1
35.5 8.3 1
35.5 8.4 1
35.5 8.5 1
35.5 8.6 1
35.5 8.7 1
35.5 8.8 1
35.5 8.9 0.98
35.5 9 1
35.5 9.1 1
35.5 9.2 1
35.5 9.3 1
35.5 9.4 1
35.5 9.5 1
35.5 9.6 1
35.5 9.7 1
35.5 9.8 1
35.5 9.9 1
35.5 10 1
36 0 0
36 0.1 0
36 0.2 0
36 0.3 0
36 0.4 0
36 0.5 0
36 0.6 0
36 0.7 0
36 0.8 0
36 0.9 0
36 1 0
36 1.1 0
36 1.2 0
36 1.3 0
36 1.4 0
36 1.5 0
36 1.6 0
36 1.7 0
36 1.8 0
36 1.9 0
36 2 0
36 2.1 0
36 2.2 0
36 2.3 0
36 2.4 0.02
36 2.5 0
36 2.6 0
36 2.7 0
36 2.8 0.04
36 2.9 0
36 3 0
36 3.1 0
36 3.2 0
36 3.3 0.02
36 3.4 0
36 3.5 0.06
36 3.6 0
36 3.7 0.02
36 3.8 0
36 3.9 0.04
36 4 0.12
36 4.1 0.18
36 4.2 0.04
36 4.3 0.06
36 4.4 0.1
36 4.5 0.1
36 4.6 0.18
36 4.7 0.24
36 4.8 0.2
36 4.9 0.3
36 5 0.4
36 5.1 0.3
36 5.2 0.42
36 5.3 0.42
36 5.4 0.4
36 5.5 0.66
36 5.6 0.58
36 5.7 0.74
36 5.8 0.78
36 5.9 0.74
36 6 0.88
36 6.1 0.88
36 6.2 0.86
36 6.3 0.9
36 6.4 0.94
36 6.5 0.96
36 6.6 0.94
36 6.7 0.94
36 6.8 0.98
36 6.9 0.98
36 7 1
36 7.1 0.96
36 7.2 1
36 7.3 1
36 7.4 1
36 7.5 0.96
36 7.6 0.98
36 7.7 1
36 7.8 1
36 7.9 1
36 8 1
36 8.1 1
36 8.2 1
36 8.3 1
36 8.4 1
36 8.5 1
36 8.6 1
36 8.7 1
36 8.8 1
36 8.9 1
36 9 1
36 9.1 1
36 9.2 1
36 9.3 1
36 9.4 1
36 9.5 1
36 9.6 1
36 9.7 1
36 9.8 1
36 9.9 1
36 10 1
36.5 0 0
36.5 0.1 0
36.5 0.2 0
36.5 0.3 0
36.5 0.4 0
36.5 0.5 0
36.5 0.6 0
36.5 0.7 0
36.5 0.8 0
36.5 0.9 0
36.5 1 0
36.5 1.1 0
36.5 1.2 0
36.5 1.3 0
36.5 1.4 0
36.5 1.5 0
36.5 1.6 0
36.5 1.7 0
36.5 1.8 0
36.5 1.9 0
36.5 2 0
36.5 2.1 0
36.5 2.2 0
36.5 2.3 0
36.5 2.4 0
36.5 2.5 0
36.5 2.6 0
36.5 2.7 0
36.5 2.8 0
36.5 2.9 0
36.5 3 0
36.5 3.1 0.02
36.5 3.2 0
36.5 3.3 0
36.5 3.4 0.02
36.5 3.5 0.02
36.5 3.6 0.02
36.5 3.7 0.04
36.5 3.8 0.06
36.5 3.9 0
36.5 4 0.06
36.5 4.1 0.14
36.5 4.2 0.04
36.5 4.3 0.02
36.5 4.4 0.08
36.5 4.5 0.14
36.5 4.6 0.14
36.5 4.7 0.18
36.5 4.8 0.22
36.5 4.9 0.3
36.5 5 0.34
36.5 5.1 0.28
36.5 5.2 0.36
36.5 5.3 0.4
36.5 5.4 0.5
36.5 5.5 0.7
36.5 5.6 0.58
36.5 5.7 0.6
36.5 5.8 0.8
36.5 5.9 0.82
36.5 6 0.76
36.5 6.1 0.82
36.5 6.2 0.9
36.5 6.3 0.86
36.5 6.4 0.94
36.5 6.5 0.92
36.5 6.6 0.96
36.5 6.7 1
36.5 6.8 0.96
36.5 6.9 1
36.5 7 0.92
36.5 7.1 0.98
36.5 7.2 0.98
36.5 7.3 1
36.5 7.4 0.96
36.5 7.5 1
36.5 7.6 1
36.5 7.7 1
36.5 7.8 1
36.5 7.9 1
36.5 8 1
36.5 8.1 1
36.5 8.2 1
36.5 8.3 1
36.5 8.4 1
36.5 8.5 1
36.5 8.6 1
36.5 8.7 1
36.5 8.8 1
36.5 8.9 1
36.5 9 1
36.5 9.1 1
36.5 9.2 1
36.5 9.3 1
36.5 9.4 1
36.5 9.5 1
36.5 9.6 1
36.5 9.7 1
36.5 9.8 1
36.5 9.9 1
36.5 10 1
37 0 0
37 0.1 0
37 0.2 0
37 0.3 0
37 0.4 0
37 0.5 0
37 0.6 0
37 0.7 0
37 0.8 0
37 0.9 0
37 1 0
37 1.1 0
37 1.2 0
37 1.3 0
37 1.4 0
37 1.5 0
37 1.6 0
37 1.7 0
37 1.8 0
37 1.9 0
37 2 0
37 2.1 0
37 2.2 0
37 2.3 0
37 2.4 0
37 2.5 0
37 2.6 0
37 2.7 0
37 2.8 0
37 2.9 0.02
37 3 0
37 3.1 0
37 3.2 0
37 3.3 0
37 3.4 0
37 3.5 0
37 3.6 0
37 3.7 0.02
37 3.8 0.02
37 3.9 0.06
37 4 0
37 4.1 0.04
37 4.2 0.08
37 4.3 0.04
37 4.4 0.1
37 4.5 0.06
37 4.6 0.16
37 4.7 0.2
37 4.8 0.16
37 4.9 0.22
37 5 0.16
37 5.1 0.22
37 5.2 0.36
37 5.3 0.44
37 5.4 0.3
37 5.5 0.64
37 5.6 0.5
37 5.7 0.78
37 5.8 0.56
37 5.9 0.78
37 6 0.78
37 6.1 0.84
37 6.2 0.82
37 6.3 0.96
37 6.4 0.88
37 6.5 0.94
37 6.6 0.88
37 6.7 0.92
37 6.8 0.92
37 6.9 0.96
37 7 0.98
37 7.1 0.98
37 7.2 1
37 7.3 1
37 7.4 1
37 7.5 0.96
37 7.6 1
37 7.7 1
37 7.8 1
37 7.9 1
37 8 1
37 8.1 1
37 8.2 1
37 8.3 1
37 8.4 1
37 8.5 1
37 8.6 1
37 8.7 1
37 8.8 1
37 8.9 1
37 9 1
37 9.1 1
37 9.2 1
37 9.3 1
37 9.4 1
37 9.5 1
37 9.6 1
37 9.7 1
37 9.8 1
37 9.9 1
37 10 1
37.5 0 0
37.5 0.1 0
37.5 0.2 0
37.5 0.3 0
37.5 0.4 0
37.5 0.5 0
37.5 0.6 0
37.5 0.7 0
37.5 0.8 0
37.5 0.9 0
37.5 1 0
37.5 1.1 0
37.5 1.2 0
37.5 1.3 0
37.5 1.4 0
37.5 1.5 0
37.5 1.6 0
37.5 1.7 0
37.5 1.8 0
37.5 1.9 0
37.5 2 0
37.5 2.1 0
37.5 2.2 0
37.5 2.3 0
37.5 2.4 0
37.5 2.5 0
37.5 2.6 0
37.5 2.7 0
37.5 2.8 0
37.5 2.9 0
37.5 3 0.02
37.5 3.1 0
37.5 3.2 0.04
37.5 3.3 0.02
37.5 3.4 0
37.5 3.5 0
37.5 3.6 0.02
37.5 3.7 0
37.5 3.8 0
37.5 3.9 0.06
37.5 4 0.04
37.5 4.1 0.06
37.5 4.2 0
37.5 4.3 0.1
37.5 4.4 0.02
37.5 4.5 0.06
37.5 4.6 0.08
37.5 4.7 0.08
37.5 4.8 0.18
37.5 4.9 0.18
37.5 5 0.32
37.5 5.1 0.2
37.5 5.2 0.3
37.5 5.3 0.42
37.5 5.4 0.52
37.5 5.5 0.52
37.5 5.6 0.52
37.5 5.7 0.56
37.5 5.8 0.72
37.5 5.9 0.64
37.5 6 0.78
37.5 6.1 0.86
37.5 6.2 0.8
37.5 6.3 0.9
37.5 6.4 0.98
37.5 6.5 0.88
37.5 6.6 0.94
37.5 6.7 0.96
37.5 6.8 0.96
37.5 6.9 0.98
37.5 7 0.96
37.5 7.1 0.98
37.5 7.2 1
37.5 7.3 0.98
37.5 7.4 0.96
37.5 7.5 0.98
37.5 7.6 1
37.5 7.7 1
37.5 7.8 1
37.5 7.9 0.98
37.5 8 1
37.5 8.1 1
37.5 8.2 1
37.5 8.3 1
37.5 8.4 1
37.5 8.5 1
37.5 8.6 1
37.5 8.7 1
37.5 8.8 1
37.5 8.9 1
37.5 9 1
37.5 9.1 1
37.5 9.2 1
37.5 9.3 1
37.5 9.4 1
37.5 9.5 1
37.5 9.6 1
37.5 9.7 1
37.5 9.8 1
37.5 9.9 1
37.5 10 1
38 0 0
38 0.1 0
38 0.2 0
38 0.3 0
38 0.4 0
38 0.5 0
38 0.6 0
38 0.7 0
38 0.8 0
38 0.9 0
38 1 0
38 1.1 0
38 1.2 0
38 1.3 0
38 1.4 0
38 1.5 0
38 1.6 0
38 1.7 0
38 1.8 0
38 1.9 0
38 2 0
38 2.1 0
38 2.2 0
38 2.3 0
38 2.4 0
38 2.5 0
38 2.6 0
38 2.7 0
38 2.8 0.02
38 2.9 0
38 3 0
38 3.1 0
38 3.2 0.02
38 3.3 0
38 3.4 0
38 3.5 0
38 3.6 0.02
38 3.7 0.02
38 3.8 0.02
38 3.9 0
38 4 0.04
38 4.1 0
38 4.2 0.06
38 4.3 0.02
38 4.4 0.04
38 4.5 0
38 4.6 0.1
38 4.7 0.16
38 4.8 0.16
38 4.9 0.14
38 5 0.22
38 5.1 0.26
38 5.2 0.38
38 5.3 0.42
38 5.4 0.48
38 5.5 0.34
38 5.6 0.5
38 5.7 0.54
38 5.8 0.6
38 5.9 0.82
38 6 0.76
38 6.1 0.76
38 6.2 0.9
38 6.3 0.82
38 6.4 0.86
38 6.5 0.96
38 6.6 0.9
38 6.7 0.98
38 6.8 0.96
38 6.9 0.98
38 7 0.96
38 7.1 0.98
38 7.2 1
38 7.3 0.98
38 7.4 0.96
38 7.5 1
38 7.6 1
38 7.7 1
38 7.8 1
38 7.9 1
38 8 0.98
38 8.1 1
38 8.2 1
38 8.3 1
38 8.4 1
38 8.5 1
38 8.6 1
38 8.7 1
38 8.8 1
38 8.9 1
38 9 1
38 9.1 1
38 9.2 1
38 9.3 0.98
38 9.4 1
38 9.5 1
38 9.6 1
38 9.7 1
38 9.8 1
38 9.9 1
38 10 1
38.5 0 0
38.5 0.1 0
38.5 0.2 0
38.5 0.3 0
38.5 0.4 0
38.5 0.5 0
38.5 0.6 0
38.5 0.7 0
38.5 0.8 0
38.5 0.9 0
38.5 1 0
38.5 1.1 0
38.5 1.2 0
38.5 1.3 0
38.5 1.4 0
38.5 1.5 0
38.5 1.6 0
38.5 1.7 0
38.5 1.8 0
38.5 1.9 0
38.5 2 0
38.5 2.1 0
38.5 2.2 0
38.5 2.3 0
38.5 2.4 0
38.5 2.5 0
38.5 2.6 0
38.5 2.7 0
38.5 2.8 0
38.5 2.9 0
38.5 3 0
38.5 3.1 0
38.5 3.2 0
38.5 3.3 0.02
38.5 3.4 0
38.5 3.5 0.02
38.5 3.6 0
38.5 3.7 0.02
38.5 3.8 0
38.5 3.9 0.02
38.5 4 0.04
38.5 4.1 0.08
38.5 4.2 0.04
38.5 4.3 0.02
38.5 4.4 0.04
38.5 4.5 0.18
38.5 4.6 0.1
38.5 4.7 0.14
38.5 4.8 0.12
38.5 4.9 0.18
38.5 5 0.14
38.5 5.1 0.2
38.5 5.2 0.14
38.5 5.3 0.22
38.5 5.4 0.38
38.5 5.5 0.36
38.5 5.6 0.62
38.5 5.7 0.58
38.5 5.8 0.62
38.5 5.9 0.68
38.5 6 0.62
38.5 6.1 0.74
38.5 6.2 0.8
38.5 6.3 0.84
38.5 6.4 0.82
38.5 6.5 0.86
38.5 6.6 0.94
38.5 6.7 0.92
38.5 6.8 0.92
38.5 6.9 0.96
38.5 7 1
38.5 7.1 0.94
38.5 7.2 0.94
38.5 7.3 0.98
38.5 7.4 0.96
38.5 7.5 1
38.5 7.6 0.98
38.5 7.7 1
38.5 7.8 1
38.5 7.9 1
38.5 8 1
38.5 8.1 1
38.5 8.2 1
38.5 8.3 1
38.5 8.4 1
38.5 8.5 1
38.5 8.6 0.98
38.5 8.7 1
38.5 8.8 1
38.5 8.9 1
38.5 9 1
38.5 9.1 1
38.5 9.2 1
38.5 9.3 1
38.5 9.4 1
38.5 9.5 1
38.5 9.6 1
38.5 9.7 1
38.5 9.8 1
38.5 9.9 1
38.5 10 1
39 0 0
39 0.1 0
39 0.2 0
39 0.3 0
39 0.4 0
39 0.5 0
39 0.6 0
39 0.7 0
39 0.8 0
39 0.9 0
39 1 0
39 1.1 0
39 1.2 0
39 1.3 0
39 1.4 0
39 1.5 0
39 1.6 0
39 1.7 0
39 1.8 0
39 1.9 0
39 2 0
39 2.1 0
39 2.2 0
39 2.3 0
39 2.4 0
39 2.5 0
39 2.6 0
39 2.7 0
39 2.8 0
39 2.9 0.02
39 3 0
39 3.1 0
39 3.2 0
39 3.3 0
39 3.4 0
39 3.5 0
39 3.6 0
39 3.7 0
39 3.8 0.02
39 3.9 0
39 4 0.02
39 4.1 0.04
39 4.2 0.02
39 4.3 0.08
39 4.4 0.08
39 4.5 0.06
39 4.6 0.1
39 4.7 0.14
39 4.8 0.16
39 4.9 0.14
39 5 0.22
39 5.1 0.18
39 5.2 0.14
39 5.3 0.14
39 5.4 0.42
39 5.5 0.54
39 5.6 0.52
39 5.7 0.54
39 5.8 0.54
39 5.9 0.62
39 6 0.7
39 6.1 0.76
39 6.2 0.8
39 6.3 0.86
39 6.4 0.86
39 6.5 0.82
39 6.6 0.88
39 6.7 0.84
39 6.8 0.94
39 6.9 0.94
39 7 0.94
39 7.1 0.92
39 7.2 1
39 7.3 0.98
39 7.4 0.94
39 7.5 1
39 7.6 1
39 7.7 1
39 7.8 1
39 7.9 1
39 8 1
39 8.1 0.98
39 8.2 1
39 8.3 1
39 8.4 1
39 8.5 1
39 8.6 1
39 8.7 1
39 8.8 1
39 8.9 1
39 9 1
39 9.1 1
39 9.2 1
39 9.3 1
39 9.4 1
39 9.5 1
39 9.6 1
39 9.7 1
39 9.8 1
39 9.9 1
39 10 1
39.5 0 0
39.5 0.1 0
39.5 0.2 0
39.5 0.3 0
39.5 0.4 0
39.5 0.5 0
39.5 0.6 0
39.5 0.7 0
39.5 0.8 0
39.5 0.9 0
39.5 1 0
39.5 1.1 0
39.5 1.2 0
39.5 1.3 0
39.5 1.4 0
39.5 1.5 0
39.5 1.6 0
39.5 1.7 0
39.5 1.8 0
39.5 1.9 0
39.5 2 0
39.5 2.1 0
39.5 2.2 0
39.5 2.3 0
39.5 2.4 0
39.5 2.5 0
39.5 2.6 0
39.5 2.7 0
39.5 2.8 0
39.5 2.9 0
39.5 3 0
39.5 3.1 0
39.5 3.2 0
39.5 3.3 0.02
39.5 3.4 0
39.5 3.5 0
39.5 3.6 0
39.5 3.7 0
39.5 3.8 0
39.5 3.9 0
39.5 4 0
39.5 4.1 0.04
39.5 4.2 0.02
39.5 4.3 0.04
39.5 4.4 0.02
39.5 4.5 0.06
39.5 4.6 0.06
39.5 4.7 0.08
39.5 4.8 0.12
39.5 4.9 0.12
39.5 5 0.14
39.5 5.1 0.24
39.5 5.2 0.16
39.5 5.3 0.3
39.5 5.4 0.22
39.5 5.5 0.32
39.5 5.6 0.4
39.5 5.7 0.48
39.5 5.8 0.54
39.5 5.9 0.66
39.5 6 0.56
39.5 6.1 0.68
39.5 6.2 0.84
39.5 6.3 0.86
39.5 6.4 0.84
39.5 6.5 0.9
39.5 6.6 0.92
39.5 6.7 0.84
39.5 6.8 0.92
39.5 6.9 0.9
39.5 7 0.92
39.5 7.1 0.96
39.5 7.2 0.98
39.5 7.3 0.96
39.5 7.4 0.98
39.5 7.5 1
39.5 7.6 0.98
39.5 7.7 1
39.5 7.8 0.98
39.5 7.9 1
39.5 8 1
39.5 8.1 1
39.5 8.2 1
39.5 8.3 1
39.5 8.4 1
39.5 8.5 1
39.5 8.6 1
39.5 8.7 1
39.5 8.8 1
39.5 8.9 1
39.5 9 1
39.5 9.1 1
39.5 9.2 1
39.5 9.3 1
39.5 9.4 1
39.5 9.5 1
39.5 9.6 1
39.5 9.7 1
39.5 9.8 1
39.5 9.9 1
39.5 10 1
40 0 0
40 0.1 0
40 0.2 0
40 0.3 0
40 0.4 0
40 0.5 0
40 0.6 0
40 0.7 0
40 0.8 0
40 0.9 0
40 1 0
40 1.1 0
40 1.2 0
40 1.3 0
40 1.4 0
40 1.5 0
40 1.6 0
40 1.7 0
40 1.8 0
40 1.9 0
40 2 0
40 2.1 0
40 2.2 0
40 2.3 0
40 2.4 0
40 2.5 0
40 2.6 0
40 2.7 0
40 2.8 0
40 2.9 0
40 3 0
40 3.1 0
40 3.2 0
40 3.3 0
40 3.4 0
40 3.5 0
40 3.6 0
40 3.7 0
40 3.8 0
40 3.9 0
40 4 0.02
40 4.1 0.02
40 4.2 0
40 4.3 0.02
40 4.4 0.02
40 4.5 0.08
40 4.6 0.06
40 4.7 0.08
40 4.8 0.16
40 4.9 0.08
40 5 0.12
40 5.1 0.2
40 5.2 0.14
40 5.3 0.18
40 5.4 0.22
40 5.5 0.48
40 5.6 0.48
40 5.7 0.38
40 5.8 0.42
40 5.9 0.58
40 6 0.6
40 6.1 0.62
40 6.2 0.7
40 6.3 0.78
40 6.4 0.84
40 6.5 0.86
40 6.6 0.84
40 6.7 0.9
40 6.8 0.84
40 6.9 0.96
40 7 1
40 7.1 0.98
40 7.2 0.94
40 7.3 0.96
40 7.4 0.98
40 7.5 1
40 7.6 1
40 7.7 1
40 7.8 0.96
40 7.9 1
40 8 1
40 8.1 1
40 8.2 1
40 8.3 1
40 8.4 1
40 8.5 1
40 8.6 1
40 8.7 1
40 8.8 1
40 8.9 1
40 9 1
40 9.1 1
40 9.2 1
40 9.3 1
40 9.4 1
40 9.5 1
40 9.6 1
40 9.7 1
40 9.8 1
40 9.9 1
40 10 1
40.5 0 0
40.5 0.1 0
40.5 0.2 0
40.5 0.3 0
40.5 0.4 0
40.5 0.5 0
40.5 0.6 0
40.5 0.7 0
40.5 0.8 0
40.5 0.9 0
40.5 1 0
40.5 1.1 0
40.5 1.2 0
40.5 1.3 0
40.5 1.4 0
40.5 1.5 0
40.5 1.6 0
40.5 1.7 0
40.5 1.8 0
40.5 1.9 0
40.5 2 0
40.5 2.1 0
40.5 2.2 0
40.5 2.3 0
40.5 2.4 0
40.5 2.5 0
40.5 2.6 0
40.5 2.7 0
40.5 2.8 0
40.5 2.9 0
40.5 3 0
40.5 3.1 0
40.5 3.2 0
40.5 3.3 0
40.5 3.4 0
40.5 3.5 0
40.5 3.6 0
40.5 3.7 0
40.5 3.8 0
40.5 3.9 0
40.5 4 0
40.5 4.1 0.02
40.5 4.2 0
40.5 4.3 0.06
40.5 4.4 0.02
40.5 4.5 0
40.5 4.6 0.06
40.5 4.7 0
40.5 4.8 0.04
40.5 4.9 0.1
40.5 5 0.08
40.5 5.1 0.2
40.5 5.2 0.16
40.5 5.3 0.12
40.5 5.4 0.18
40.5 5.5 0.34
40.5 5.6 0.3
40.5 5.7 0.44
40.5 5.8 0.38
40.5 5.9 0.48
40.5 6 0.46
40.5 6.1 0.62
40.5 6.2 0.74
40.5 6.3 0.88
40.5 6.4 0.84
40.5 6.5 0.82
40.5 6.6 0.86
40.5 6.7 0.86
40.5 6.8 0.94
40.5 6.9 0.88
40.5 7 0.92
40.5 7.1 0.94
40.5 7.2 0.96
40.5 7.3 0.98
40.5 7.4 0.98
40.5 7.5 1
40.5 7.6 0.98
40.5 7.7 0.96
40.5 7.8 1
40.5 7.9 1
40.5 8 1
40.5 8.1 1
40.5 8.2 0.98
40.5 8.3 1
40.5 8.4 0.98
40.5 8.5 1
40.5 8.6 1
40.5 8.7 1
40.5 8.8 1
40.5 8.9 1
40.5 9 1
40.5 9.1 1
40.5 9.2 1
40.5 9.3 1
40.5 9.4 1
40.5 9.5 1
40.5 9.6 1
40.5 9.7 1
40.5 9.8 1
40.5 9.9 1
40.5 10 1
41 0 0
41 0.1 0
41 0.2 0
41 0.3 0
41 0.4 0
41 0.5 0
41 0.6 0
41 0.7 0
41 0.8 0
41 0.9 0
41 1 0
41 1.1 0
41 1.2 0
41 1.3 0
41 1.4 0
41 1.5 0
41 1.6 0
41 1.7 0
41 1.8 0
41 1.9 0
41 2 0
41 2.1 0
41 2.2 0
41 2.3 0
41 2.4 0
41 2.5 0
41 2.6 0
41 2.7 0
41 2.8 0
41 2.9 0
41 3 0
41 3.1 0
41 3.2 0
41 3.3 0.02
41 3.4 0
41 3.5 0
41 3.6 0.02
41 3.7 0.02
41 3.8 0
41 3.9 0.02
41 4 0
41 4.1 0
41 4.2 0
41 4.3 0.08
41 4.4 0.02
41 4.5 0.02
41 4.6 0.06
41 4.7 0.02
41 4.8 0.08
41 4.9 0.04
41 5 0.08
41 5.1 0.2
41 5.2 0.16
41 5.3 0.18
41 5.4 0.22
41 5.5 0.22
41 5.6 0.3
41 5.7 0.42
41 5.8 0.42
41 5.9 0.48
41 6 0.64
41 6.1 0.5
41 6.2 0.74
41 6.3 0.78
41 6.4 0.7
41 6.5 0.8
41 6.6 0.74
41 6.7 0.84
41 6.8 0.86
41 6.9 0.94
41 7 0.9
41 7.1 0.94
41 7.2 0.94
41 7.3 0.88
41 7.4 1
41 7.5 1
41 7.6 0.98
41 7.7 0.96
41 7.8 0.98
41 7.9 1
41 8 0.96
41 8.1 1
41 8.2 1
41 8.3 1
41 8.4 1
41 8.5 1
41 8.6 1
41 8.7 1
41 8.8 1
41 8.9 1
41 9 1
41 9.1 1
41 9.2 1
41 9.3 1
41 9.4 1
41 9.5 1
41 9.6 1
41 9.7 1
41 9.8 1
41 9.9 1
41 10 1
41.5 0 0
41.5 0.1 0
41.5 0.2 0
41.5 0.3 0
41.5 0.4 0
41.5 0.5 0
41.5 0.6 0
41.5 0.7 0
41.5 0.8 0
41.5 0.9 0
41.5 1 0
41.5 1.1 0
41.5 1.2 0
41.5 1.3 0
41.5 1.4 0
41.5 1.5 0
41.5 1.6 0
41.5 1.7 0
41.5 1.8 0
41.5 1.9 0
41.5 2 0
41.5 2.1 0
41.5 2.2 0
41.5 2.3 0
41.5 2.4 0
41.5 2.5 0
41.5 2.6 0
41.5 2.7 0
41.5 2.8 0
41.5 2.9 0
41.5 3 0
41.5 3.1 0
41.5 3.2 0
41.5 3.3 0
41.5 3.4 0
41.5 3.5 0
41.5 3.6 0
41.5 3.7 0
41.5 3.8 0.02
41.5 3.9 0.02
41.5 4 0
41.5 4.1 0
41.5 4.2 0
41.5 4.3 0.04
41.5 4.4 0
41.5 4.5 0.02
41.5 4.6 0.04
41.5 4.7 0
41.5 4.8 0.06
41.5 4.9 0.08
41.5 5 0.04
41.5 5.1 0.1
41.5 5.2 0.14
41.5 5.3 0.2
41.5 5.4 0.16
41.5 5.5 0.2
41.5 5.6 0.38
41.5 5.7 0.28
41.5 5.8 0.4
41.5 5.9 0.46
41.5 6 0.56
41.5 6.1 0.52
41.5 6.2 0.62
41.5 6.3 0.68
41.5 6.4 0.72
41.5 6.5 0.7
41.5 6.6 0.84
41.5 6.7 0.7
41.5 6.8 0.88
41.5 6.9 0.86
41.5 7 0.86
41.5 7.1 0.9
41.5 7.2 0.98
41.5 7.3 0.94
41.5 7.4 0.96
41.5 7.5 0.96
41.5 7.6 0.98
41.5 7.7 1
41.5 7.8 1
41.5 7.9 1
41.5 8 0.98
41.5 8.1 0.98
41.5 8.2 1
41.5 8.3 1
41.5 8.4 0.98
41.5 8.5 1
41.5 8.6 1
41.5 8.7 1
41.5 8.8 1
41.5 8.9 1
41.5 9 1
41.5 9.1 1
41.5 9.2 0.98
41.5 9.3 1
41.5 9.4 1
41.5 9.5 1
41.5 9.6 1
41.5 9.7 1
41.5 9.8 1
41.5 9.9 1
41.5 10 1
42 0 0
42 0.1 0
42 0.2 0
42 0.3 0
42 0.4 0
42 0.5 0
42 0.6 0
42 0.7 0
42 0.8 0
42 0.9 0
42 1 0
42 1.1 0
42 1.2 0
42 1.3 0
42 1.4 0
42 1.5 0
42 1.6 0
42 1.7 0
42 1.8 0
42 1.9 0
42 2 0
42 2.1 0
42 2.2 0
42 2.3 0
42 2.4 0
42 2.5 0
42 2.6 0
42 2.7 0
42 2.8 0
42 2.9 0
42 3 0
42 3.1 0
42 3.2 0
42 3.3 0
42 3.4 0
42 3.5 0
42 3.6 0
42 3.7 0
42 3.8 0.02
42 3.9 0
42 4 0
42 4.1 0
42 4.2 0
42 4.3 0.02
42 4.4 0
42 4.5 0
42 4.6 0.04
42 4.7 0.02
42 4.8 0.06
42 4.9 0.06
42 5 0.08
42 5.1 0.14
42 5.2 0.08
42 5.3 0.12
42 5.4 0.18
42 5.5 0.16
42 5.6 0.28
42 5.7 0.26
42 5.8 0.36
42 5.9 0.46
42 6 0.52
42 6.1 0.62
42 6.2 0.62
42 6.3 0.68
42 6.4 0.62
42 6.5 0.76
42 6.6 0.72
42 6.7 0.76
42 6.8 0.86
42 6.9 0.9
42 7 0.84
42 7.1 0.94
42 7.2 0.94
42 7.3 0.96
42 7.4 1
42 7.5 0.98
42 7.6 0.98
42 7.7 1
42 7.8 0.98
42 7.9 0.98
42 8 0.94
42 8.1 1
42 8.2 0.98
42 8.3 1
42 8.4 1
42 8.5 0.98
42 8.6 1
42 8.7 1
42 8.8 1
42 8.9 1
42 9 1
42 9.1 1
42 9.2 1
42 9.3 1
42 9.4 1
42 9.5 1
42 9.6 1
42 9.7 1
42 9.8 1
42 9.9 1
42 10 1
42.5 0 0
42.5 0.1 0
42.5 0.2 0
42.5 0.3 0
42.5 0.4 0
42.5 0.5 0
42.5 0.6 0
42.5 0.7 0
42.5 0.8 0
42.5 0.9 0
42.5 1 0
42.5 1.1 0
42.5 1.2 0
42.5 1.3 0
42.5 1.4 0
42.5 1.5 0
42.5 1.6 0
42.5 1.7 0
42.5 1.8 0
42.5 1.9 0
42.5 2 0
42.5 2.1 0
42.5 2.2 0
42.5 2.3 0
42.5 2.4 0
42.5 2.5 0
42.5 2.6 0
42.5 2.7 0
42.5 2.8 0
42.5 2.9 0
42.5 3 0
42.5 3.1 0
42.5 3.2 0
42.5 3.3 0
42.5 3.4 0
42.5 3.5 0
42.5 3.6 0
42.5 3.7 0
42.5 3.8 0
42.5 3.9 0
42.5 4 0.02
42.5 4.1 0
42.5 4.2 0.02
42.5 4.3 0
42.5 4.4 0
42.5 4.5 0.02
42.5 4.6 0.02
42.5 4.7 0.02
42.5 4.8 0.1
42.5 4.9 0.06
42.5 5 0.06
42.5 5.1 0.08
42.5 5.2 0.2
42.5 5.3 0.08
42.5 5.4 0.16
42.5 5.5 0.28
42.5 5.6 0.2
42.5 5.7 0.24
42.5 5.8 0.34
42.5 5.9 0.46
42.5 6 0.36
42.5 6.1 0.5
42.5 6.2 0.6
42.5 6.3 0.58
42.5 6.4 0.74
42.5 6.5 0.62
42.5 6.6 0.66
42.5 6.7 0.88
42.5 6.8 0.74
42.5 6.9 0.92
42.5 7 0.88
42.5 7.1 0.88
42.5 7.2 0.9
42.5 7.3 0.86
42.5 7.4 0.9
42.5 7.5 0.9
42.5 7.6 0.98
42.5 7.7 0.98
42.5 7.8 1
42.5 7.9 1
42.5 8 1
42.5 8.1 1
42.5 8.2 1
42.5 8.3 1
42.5 8.4 1
42.5 8.5 1
42.5 8.6 0.98
42.5 8.7 1
42.5 8.8 1
42.5 8.9 1
42.5 9 1
42.5 9.1 1
42.5 9.2 1
42.5 9.3 1
42.5 9.4 1
42.5 9.5 1
42.5 9.6 1
42.5 9.7 0.98
42.5 9.8 1
42.5 9.9 1
42.5 10 1
43 0 0
43 0.1 0
43 0.2 0
43 0.3 0
43 0.4 0
43 0.5 0
43 0.6 0
43 0.7 0
43 0.8 0
43 0.9 0
43 1 0
43 1.1 0
43 1.2 0
43 1.3 0
43 1.4 0
43 1.5 0
43 1.6 0
43 1.7 0
43 1.8 0
43 1.9 0
43 2 0
43 2.1 0
43 2.2 0
43 2.3 0
43 2.4 0
43 2.5 0
43 2.6 0
43 2.7 0
43 2.8 0
43 2.9 0
43 3 0
43 3.1 0
43 3.2 0
43 3.3 0
43 3.4 0
43 3.5 0
43 3.6 0
43 3.7 0
43 3.8 0
43 3.9 0
43 4 0.02
43 4.1 0
43 4.2 0.02
43 4.3 0
43 4.4 0
43 4.5 0
43 4.6 0.02
43 4.7 0.04
43 4.8 0.02
43 4.9 0.04
43 5 0.06
43 5.1 0.08
43 5.2 0.06
43 5.3 0.18
43 5.4 0.06
43 5.5 0.32
43 5.6 0.24
43 5.7 0.18
43 5.8 0.34
43 5.9 0.24
43 6 0.32
43 6.1 0.48
43 6.2 0.54
43 6.3 0.58
43 6.4 0.56
43 6.5 0.76
43 6.6 0.78
43 6.7 0.88
43 6.8 0.84
43 6.9 0.84
43 7 0.88
43 7.1 0.9
43 7.2 0.9
43 7.3 0.96
43 7.4 0.94
43 7.5 0.98
43 7.6 0.98
43 7.7 0.96
43 7.8 0.94
43 7.9 1
43 8 0.98
43 8.1 1
43 8.2 1
43 8.3 1
43 8.4 1
43 8.5 1
43 8.6 1
43 8.7 1
43 8.8 1
43 8.9 1
43 9 1
43 9.1 1
43 9.2 1
43 9.3 1
43 9.4 1
43 9.5 1
43 9.6 1
43 9.7 1
43 9.8 1
43 9.9 1
43 10 1
43.5 0 0
43.5 0.1 0
43.5 0.2 0
43.5 0.3 0
43.5 0.4 0
43.5 0.5 0
43.5 0.6 0
43.5 0.7 0
43.5 0.8 0
43.5 0.9 0
43.5 1 0
43.5 1.1 0
43.5 1.2 0
43.5 1.3 0
43.5 1.4 0
43.5 1.5 0
43.5 1.6 0
43.5 1.7 0
43.5 1.8 0
43.5 1.9 0
43.5 2 0
43.5 2.1 0
43.5 2.2 0
43.5 2.3 0
43.5 2.4 0
43.5 2.5 0
43.5 2.6 0
43.5 2.7 0
43.5 2.8 0
43.5 2.9 0
43.5 3 0
43.5 3.1 0
43.5 3.2 0
43.5 3.3 0
43.5 3.4 0
43.5 3.5 0
43.5 3.6 0
43.5 3.7 0
43.5 3.8 0
43.5 3.9 0
43.5 4 0
43.5 4.1 0
43.5 4.2 0
43.5 4.3 0
43.5 4.4 0
43.5 4.5 0.02
43.5 4.6 0
43.5 4.7 0
43.5 4.8 0.02
43.5 4.9 0.04
43.5 5 0.1
43.5 5.1 0.08
43.5 5.2 0.02
43.5 5.3 0.14
43.5 5.4 0.24
43.5 5.5 0.24
43.5 5.6 0.2
43.5 5.7 0.24
43.5 5.8 0.18
43.5 5.9 0.22
43.5 6 0.4
43.5 6.1 0.48
43.5 6.2 0.46
43.5 6.3 0.52
43.5 6.4 0.58
43.5 6.5 0.72
43.5 6.6 0.8
43.5 6.7 0.84
43.5 6.8 0.78
43.5 6.9 0.86
43.5 7 0.88
43.5 7.1 0.82
43.5 7.2 0.88
43.5 7.3 0.96
43.5 7.4 0.8
43.5 7.5 0.98
43.5 7.6 0.94
43.5 7.7 0.98
43.5 7.8 0.98
43.5 7.9 0.98
43.5 8 1
43.5 8.1 0.96
43.5 8.2 0.98
43.5 8.3 1
43.5 8.4 0.98
43.5 8.5 1
43.5 8.6 1
43.5 8.7 1
43.5 8.8 1
43.5 8.9 1
43.5 9 1
43.5 9.1 1
43.5 9.2 1
43.5 9.3 1
43.5 9.4 1
43.5 9.5 1
43.5 9.6 1
43.5 9.7 1
43.5 9.8 1
43.5 9.9 1
43.5 10 1
44 0 0
44 0.1 0
44 0.2 0
44 0.3 0
44 0.4 0
44 0.5 0
44 0.6 0
44 0.7 0
44 0.8 0
44 0.9 0
44 1 0
44 1.1 0
44 1.2 0
44 1.3 0
44 1.4 0
44 1.5 0
44 1.6 0
44 1.7 0
44 1.8 0
44 1.9 0
44 2 0
44 2.1 0
44 2.2 0
44 2.3 0
44 2.4 0
44 2.5 0
44 2.6 0
44 2.7 0
44 2.8 0
44 2.9 0
44 3 0
44 3.1 0
44 3.2 0
44 3.3 0
44 3.4 0
44 3.5 0
44 3.6 0
44 3.7 0
44 3.8 0
44 3.9 0
44 4 0
44 4.1 0
44 4.2 0
44 4.3 0
44 4.4 0
44 4.5 0
44 4.6 0.02
44 4.7 0.02
44 4.8 0.02
44 4.9 0.02
44 5 0.04
44 5.1 0.04
44 5.2 0.02
44 5.3 0.02
44 5.4 0.06
44 5.5 0.12
44 5.6 0.16
44 5.7 0.26
44 5.8 0.36
44 5.9 0.38
44 6 0.44
44 6.1 0.42
44 6.2 0.46
44 6.3 0.58
44 6.4 0.6
44 6.5 0.64
44 6.6 0.66
44 6.7 0.68
44 6.8 0.76
44 6.9 0.78
44 7 0.9
44 7.1 0.88
44 7.2 0.82
44 7.3 0.92
44 7.4 0.96
44 7.5 0.94
44 7.6 0.94
44 7.7 0.92
44 7.8 0.98
44 7.9 0.98
44 8 1
44 8.1 0.94
44 8.2 1
44 8.3 0.98
44 8.4 0.98
44 8.5 1
44 8.6 1
44 8.7 0.98
44 8.8 1
44 8.9 0.98
44 9 1
44 9.1 1
44 9.2 1
44 9.3 1
44 9.4 1
44 9.5 1
44 9.6 1
44 9.7 1
44 9.8 0.98
44 9.9 1
44 10 1
44.5 0 0
44.5 0.1 0
44.5 0.2 0
44.5 0.3 0
44.5 0.4 0
44.5 0.5 0
44.5 0.6 0
44.5 0.7 0
44.5 0.8 0
44.5 0.9 0
44.5 1 0
44.5 1.1 0
44.5 1.2 0
44.5 1.3 0
44.5 1.4 0
44.5 1.5 0
44.5 1.6 0
44.5 1.7 0
44.5 1.8 0
44.5 1.9 0
44.5 2 0
44.5 2.1 0
44.5 2.2 0
44.5 2.3 0
44.5 2.4 0
44.5 2.5 0
44.5 2.6 0
44.5 2.7 0
44.5 2.8 0
44.5 2.9 0
44.5 3 0
44.5 3.1 0
44.5 3.2 0
44.5 3.3 0
44.5 3.4 0
44.5 3.5 0
44.5 3.6 0
44.5 3.7 0
44.5 3.8 0
44.5 3.9 0
44.5 4 0
44.5 4.1 0
44.5 4.2 0.02
44.5 4.3 0
44.5 4.4 0
44.5 4.5 0
44.5 4.6 0
44.5 4.7 0
44.5 4.8 0.02
44.5 4.9 0
44.5 5 0
44.5 5.1 0.06
44.5 5.2 0.06
44.5 5.3 0.04
44.5 5.4 0.1
44.5 5.5 0.14
44.5 5.6 0.2
44.5 5.7 0.14
44.5 5.8 0.26
44.5 5.9 0.3
44.5 6 0.38
44.5 6.1 0.46
44.5 6.2 0.56
44.5 6.3 0.42
44.5 6.4 0.52
44.5 6.5 0.64
44.5 6.6 0.64
44.5 6.7 0.82
44.5 6.8 0.82
44.5 6.9 0.86
44.5 7 0.84
44.5 7.1 0.9
44.5 7.2 0.82
44.5 7.3 0.94
44.5 7.4 0.88
44.5 7.5 0.94
44.5 7.6 0.96
44.5 7.7 0.94
44.5 7.8 0.98
44.5 7.9 0.98
44.5 8 0.96
44.5 8.1 1
44.5 8.2 0.98
44.5 8.3 1
44.5 8.4 0.98
44.5 8.5 1
44.5 8.6 1
44.5 8.7 1
44.5 8.8 1
44.5 8.9 1
44.5 9 1
44.5 9.1 1
44.5 9.2 1
44.5 9.3 1
44.5 9.4 0.98
44.5 9.5 1
44.5 9.6 1
44.5 9.7 1
44.5 9.8 1
44.5 9.9 1
44.5 10 1
45 0 0
45 0.1 0
45 0.2 0
45 0.3 0
45 0.4 0
45 0.5 0
45 0.6 0
45 0.7 0
45 0.8 0
45 0.9 0
45 1 0
45 1.1 0
45 1.2 0
45 1.3 0
45 1.4 0
45 1.5 0
45 1.6 0
45 1.7 0
45 1.8 0
45 1.9 0
45 2 0
45 2.1 0
45 2.2 0
45 2.3 0
45 2.4 0
45 2.5 0
45 2.6 0
45 2.7 0
45 2.8 0
45 2.9 0
45 3 0
45 3.1 0
45 3.2 0
45 3.3 0
45 3.4 0
45 3.5 0
45 3.6 0
45 3.7 0
45 3.8 0
45 3.9 0
45 4 0
45 4.1 0.02
45 4.2 0
45 4.3 0
45 4.4 0
45 4.5 0
45 4.6 0
45 4.7 0
45 4.8 0
45 4.9 0.02
45 5 0.04
45 5.1 0.04
45 5.2 0
45 5.3 0.04
45 5.4 0.08
45 5.5 0.04
45 5.6 0.22
45 5.7 0.16
45 5.8 0.18
45 5.9 0.2
45 6 0.16
45 6.1 0.36
45 6.2 0.44
45 6.3 0.36
45 6.4 0.46
45 6.5 0.56
45 6.6 0.76
45 6.7 0.7
45 6.8 0.68
45 6.9 0.8
45 7 0.84
45 7.1 0.94
45 7.2 0.86
45 7.3 0.88
45 7.4 0.9
45 7.5 0.9
45 7.6 0.96
45 7.7 0.96
45 7.8 0.94
45 7.9 0.98
45 8 0.96
45 8.1 1
45 8.2 0.98
45 8.3 0.98
45 8.4 1
45 8.5 1
45 8.6 1
45 8.7 0.98
45 8.8 1
45 8.9 1
45 9 1
45 9.1 1
45 9.2 1
45 9.3 1
45 9.4 1
45 9.5 1
45 9.6 1
45 9.7 1
45 9.8 1
45 9.9 1
45 10 1
45.5 0 0
45.5 0.1 0
45.5 0.2 0
45.5 0.3 0
45.5 0.4 0
45.5 0.5 0
45.5 0.6 0
45.5 0.7 0
45.5 0.8 0
45.5 0.9 0
45.5 1 0
45.5 1.1 0
45.5 1.2 0
45.5 1.3 0
45.5 1.4 0
45.5 1.5 0
45.5 1.6 0
45.5 1.7 0
45.5 1.8 0
45.5 1.9 0
45.5 2 0
45.5 2.1 0
45.5 2.2 0
45.5 2.3 0
45.5 2.4 0
45.5 2.5 0
45.5 2.6 0
45.5 2.7 0
45.5 2.8 0
45.5 2.9 0
45.5 3 0
45.5 3.1 0
45.5 3.2 0
45.5 3.3 0
45.5 3.4 0
45.5 3.5 0
45.5 3.6 0
45.5 3.7 0
45.5 3.8 0
45.5 3.9 0
45.5 4 0
45.5 4.1 0
45.5 4.2 0
45.5 4.3 0
45.5 4.4 0
45.5 4.5 0
45.5 4.6 0.02
45.5 4.7 0
45.5 4.8 0
45.5 4.9 0.02
45.5 5 0
45.5 5.1 0
45.5 5.2 0.02
45.5 5.3 0.06
45.5 5.4 0.04
45.5 5.5 0.16
45.5 5.6 0.1
45.5 5.7 0.2
45.5 5.8 0.14
45.5 5.9 0.28
45.5 6 0.46
45.5 6.1 0.44
45.5 6.2 0.32
45.5 6.3 0.38
45.5 6.4 0.48
45.5 6.5 0.54
45.5 6.6 0.7
45.5 6.7 0.58
45.5 6.8 0.64
45.5 6.9 0.62
45.5 7 0.82
45.5 7.1 0.8
45.5 7.2 0.92
45.5 7.3 0.9
45.5 7.4 0.92
45.5 7.5 0.94
45.5 7.6 1
45.5 7.7 1
45.5 7.8 0.98
45.5 7.9 1
45.5 8 0.98
45.5 8.1 1
45.5 8.2 0.98
45.5 8.3 0.98
45.5 8.4 0.96
45.5 8.5 0.98
45.5 8.6 1
45.5 8.7 1
45.5 8.8 0.98
45.5 8.9 1
45.5 9 1
45.5 9.1 1
45.5 9.2 1
45.5 9.3 0.98
45.5 9.4 1
45.5 9.5 1
45.5 9.6 1
45.5 9.7 1
45.5 9.8 1
45.5 9.9 1
45.5 10 1
46 0 0
46 0.1 0
46 0.2 0
46 0.3 0
46 0.4 0
46 0.5 0
46 0.6 0
46 0.7 0
46 0.8 0
46 0.9 0
46 1 0
46 1.1 0
46 1.2 0
46 1.3 0
46 1.4 0
46 1.5 0
46 1.6 0
46 1.7 0
46 1.8 0
46 1.9 0
46 2 0
46 2.1 0
46 2.2 0
46 2.3 0
46 2.4 0
46 2.5 0
46 2.6 0
46 2.7 0
46 2.8 0
46 2.9 0
46 3 0
46 3.1 0
46 3.2 0
46 3.3 0
46 3.4 0
46 3.5 0
46 3.6 0
46 3.7 0
46 3.8 0
46 3.9 0
46 4 0
46 4.1 0
46 4.2 0
46 4.3 0
46 4.4 0
46 4.5 0
46 4.6 0.02
46 4.7 0
46 4.8 0
46 4.9 0.02
46 5 0.02
46 5.1 0.02
46 5.2 0.02
46 5.3 0.02
46 5.4 0.06
46 5.5 0.08
46 5.6 0.1
46 5.7 0.16
46 5.8 0.16
46 5.9 0.18
46 6 0.32
46 6.1 0.34
46 6.2 0.32
46 6.3 0.44
46 6.4 0.54
46 6.5 0.44
46 6.6 0.52
46 6.7 0.6
46 6.8 0.66
46 6.9 0.74
46 7 0.72
46 7.1 0.86
46 7.2 0.84
46 7.3 0.94
46 7.4 0.94
46 7.5 0.92
46 7.6 0.94
46 7.7 0.9
46 7.8 0.92
46 7.9 0.96
46 8 0.96
46 8.1 0.98
46 8.2 1
46 8.3 1
46 8.4 0.96
46 8.5 1
46 8.6 1
46 8.7 1
46 8.8 1
46 8.9 1
46 9 1
46 9.1 1
46 9.2 1
46 9.3 1
46 9.4 1
46 9.5 1
46 9.6 1
46 9.7 1
46 9.8 1
46 9.9 1
46 10 1
46.5 0 0
46.5 0.1 0
46.5 0.2 0
46.5 0.3 0
46.5 0.4 0
46.5 0.5 0
46.5 0.6 0
46.5 0.7 0
46.5 0.8 0
46.5 0.9 0
46.5 1 0
46.5 1.1 0
46.5 1.2 0
46.5 1.3 0
46.5 1.4 0
46.5 1.5 0
46.5 1.6 0
46.5 1.7 0
46.5 1.8 0
46.5 1.9 0
46.5 2 0
46.5 2.1 0
46.5 2.2 0
46.5 2.3 0
46.5 2.4 0
46.5 2.5 0
46.5 2.6 0
46.5 2.7 0
46.5 2.8 0
46.5 2.9 0
46.5 3 0
46.5 3.1 0
46.5 3.2 0
46.5 3.3 0
46.5 3.4 0
46.5 3.5 0
46.5 3.6 0
46.5 3.7 0
46.5 3.8 0
46.5 3.9 0
46.5 4 0
46.5 4.1 0
46.5 4.2 0
46.5 4.3 0
46.5 4.4 0
46.5 4.5 0
46.5 4.6 0
46.5 4.7 0
46.5 4.8 0
46.5 4.9 0.04
46.5 5 0.02
46.5 5.1 0.02
46.5 5.2 0.06
46.5 5.3 0.02
46.5 5.4 0.06
46.5 5.5 0.02
46.5 5.6 0.06
46.5 5.7 0.14
46.5 5.8 0.16
46.5 5.9 0.1
46.5 6 0.06
46.5 6.1 0.24
46.5 6.2 0.38
46.5 6.3 0.42
46.5 6.4 0.5
46.5 6.5 0.46
46.5 6.6 0.58
46.5 6.7 0.64
46.5 6.8 0.62
46.5 6.9 0.76
46.5 7 0.76
46.5 7.1 0.88
46.5 7.2 0.8
46.5 7.3 0.76
46.5 7.4 0.76
46.5 7.5 0.96
46.5 7.6 0.94
46.5 7.7 0.98
46.5 7.8 0.98
46.5 7.9 0.96
46.5 8 0.94
46.5 8.1 0.96
46.5 8.2 1
46.5 8.3 0.94
46.5 8.4 0.98
46.5 8.5 1
46.5 8.6 0.98
46.5 8.7 0.98
46.5 8.8 1
46.5 8.9 1
46.5 9 1
46.5 9.1 1
46.5 9.2 1
46.5 9.3 1
46.5 9.4 0.98
46.5 9.5 1
46.5 9.6 0.98
46.5 9.7 1
46.5 9.8 1
46.5 9.9 0.98
46.5 10 1
47 0 0
47 0.1 0
47 0.2 0
47 0.3 0
47 0.4 0
47 0.5 0
47 0.6 0
47 0.7 0
47 0.8 0
47 0.9 0
47 1 0
47 1.1 0
47 1.2 0
47 1.3 0
47 1.4 0
47 1.5 0
47 1.6 0
47 1.7 0
47 1.8 0
47 1.9 0
47 2 0
47 2.1 0
47 2.2 0
47 2.3 0
47 2.4 0
47 2.5 0
47 2.6 0
47 2.7 0
47 2.8 0
47 2.9 0
47 3 0
47 3.1 0
47 3.2 0
47 3.3 0
47 3.4 0
47 3.5 0
47 3.6 0.02
47 3.7 0
47 3.8 0
47 3.9 0
47 4 0
47 4.1 0
47 4.2 0
47 4.3 0
47 4.4 0
47 4.5 0
47 4.6 0
47 4.7 0
47 4.8 0
47 4.9 0
47 5 0
47 5.1 0
47 5.2 0.04
47 5.3 0.02
47 5.4 0
47 5.5 0.08
47 5.6 0.04
47 5.7 0.06
47 5.8 0.1
47 5.9 0.2
47 6 0.2
47 6.1 0.2
47 6.2 0.28
47 6.3 0.38
47 6.4 0.38
47 6.5 0.5
47 6.6 0.46
47 6.7 0.58
47 6.8 0.56
47 6.9 0.7
47 7 0.84
47 7.1 0.72
47 7.2 0.72
47 7.3 0.76
47 7.4 0.88
47 7.5 0.88
47 7.6 0.94
47 7.7 0.98
47 7.8 0.9
47 7.9 0.98
47 8 1
47 8.1 0.92
47 8.2 1
47 8.3 0.96
47 8.4 1
47 8.5 1
47 8.6 1
47 8.7 1
47 8.8 1
47 8.9 0.98
47 9 0.98
47 9.1 1
47 9.2 1
47 9.3 1
47 9.4 1
47 9.5 1
47 9.6 1
47 9.7 1
47 9.8 1
47 9.9 1
47 10 1
47.5 0 0
47.5 0.1 0
47.5 0.2 0
47.5 0.3 0
47.5 0.4 0
47.5 0.5 0
47.5 0.6 0
47.5 0.7 0
47.5 0.8 0
47.5 0.9 0
47.5 1 0
47.5 1.1 0
47.5 1.2 0
47.5 1.3 0
47.5 1.4 0
47.5 1.5 0
47.5 1.6 0
47.5 1.7 0
47.5 1.8 0
47.5 1.9 0
47.5 2 0
47.5 2.1 0
47.5 2.2 0
47.5 2.3 0
47.5 2.4 0
47.5 2.5 0
47.5 2.6 0
47.5 2.7 0
47.5 2.8 0
47.5 2.9 0
47.5 3 0
47.5 3.1 0
47.5 3.2 0
47.5 3.3 0
47.5 3.4 0
47.5 3.5 0
47.5 3.6 0
47.5 3.7 0
47.5 3.8 0
47.5 3.9 0
47.5 4 0
47.5 4.1 0
47.5 4.2 0
47.5 4.3 0
47.5 4.4 0
47.5 4.5 0
47.5 4.6 0
47.5 4.7 0
47.5 4.8 0
47.5 4.9 0.02
47.5 5 0
47.5 5.1 0
47.5 5.2 0
47.5 5.3 0.02
47.5 5.4 0.02
47.5 5.5 0.04
47.5 5.6 0.02
47.5 5.7 0.08
47.5 5.8 0.14
47.5 5.9 0.1
47.5 6 0.1
47.5 6.1 0.2
47.5 6.2 0.28
47.5 6.3 0.26
47.5 6.4 0.4
47.5 6.5 0.38
47.5 6.6 0.32
47.5 6.7 0.56
47.5 6.8 0.66
47.5 6.9 0.66
47.5 7 0.7
47.5 7.1 0.8
47.5 7.2 0.88
47.5 7.3 0.86
47.5 7.4 0.78
47.5 7.5 0.96
47.5 7.6 0.86
47.5 7.7 0.94
47.5 7.8 0.86
47.5 7.9 0.94
47.5 8 0.96
47.5 8.1 1
47.5 8.2 0.94
47.5 8.3 1
47.5 8.4 0.98
47.5 8.5 1
47.5 8.6 0.96
47.5 8.7 0.98
47.5 8.8 0.98
47.5 8.9 1
47.5 9 1
47.5 9.1 0.98
47.5 9.2 1
47.5 9.3 1
47.5 9.4 1
47.5 9.5 1
47.5 9.6 1
47.5 9.7 1
47.5 9.8 1
47.5 9.9 1
47.5 10 1
48 0 0
48 0.1 0
48 0.2 0
48 0.3 0
48 0.4 0
48 0.5 0
48 0.6 0
48 0.7 0
48 0.8 0
48 0.9 0
48 1 0
48 1.1 0
48 1.2 0
48 1.3 0
48 1.4 0
48 1.5 0
48 1.6 0
48 1.7 0
48 1.8 0
48 1.9 0
48 2 0
48 2.1 0
48 2.2 0
48 2.3 0
48 2.4 0
48 2.5 0
48 2.6 0
48 2.7 0
48 2.8 0
48 2.9 0
48 3 0
48 3.1 0
48 3.2 0
48 3.3 0
48 3.4 0
48 3.5 0
48 3.6 0
48 3.7 0
48 3.8 0
48 3.9 0
48 4 0
48 4.1 0
48 4.2 0
48 4.3 0
48 4.4 0
48 4.5 0
48 4.6 0
48 4.7 0
48 4.8 0
48 4.9 0
48 5 0
48 5.1 0.02
48 5.2 0.06
48 5.3 0
48 5.4 0
48 5.5 0.04
48 5.6 0.02
48 5.7 0.04
48 5.8 0.06
48 5.9 0.12
48 6 0.18
48 6.1 0.2
48 6.2 0.24
48 6.3 0.32
48 6.4 0.34
48 6.5 0.42
48 6.6 0.58
48 6.7 0.52
48 6.8 0.6
48 6.9 0.7
48 7 0.54
48 7.1 0.64
48 7.2 0.74
48 7.3 0.72
48 7.4 0.88
48 7.5 0.86
48 7.6 0.86
48 7.7 0.88
48 7.8 0.9
48 7.9 0.94
48 8 0.94
48 8.1 0.98
48 8.2 0.92
48 8.3 0.94
48 8.4 0.98
48 8.5 0.96
48 8.6 1
48 8.7 1
48 8.8 0.98
48 8.9 1
48 9 0.98
48 9.1 1
48 9.2 1
48 9.3 0.98
48 9.4 0.98
48 9.5 1
48 9.6 0.98
48 9.7 1
48 9.8 1
48 9.9 1
48 10 1
48.5 0 0
48.5 0.1 0
48.5 0.2 0
48.5 0.3 0
48.5 0.4 0
48.5 0.5 0
48.5 0.6 0
48.5 0.7 0
48.5 0.8 0
48.5 0.9 0
48.5 1 0
48.5 1.1 0
48.5 1.2 0
48.5 1.3 0
48.5 1.4 0
48.5 1.5 0
48.5 1.6 0
48.5 1.7 0
48.5 1.8 0
48.5 1.9 0
48.5 2 0
48.5 2.1 0
48.5 2.2 0
48.5 2.3 0
48.5 2.4 0
48.5 2.5 0
48.5 2.6 0
48.5 2.7 0
48.5 2.8 0
48.5 2.9 0
48.5 3 0
48.5 3.1 0
48.5 3.2 0
48.5 3.3 0
48.5 3.4 0
48.5 3.5 0
48.5 3.6 0
48.5 3.7 0
48.5 3.8 0
48.5 3.9 0
48.5 4 0
48.5 4.1 0
48.5 4.2 0
48.5 4.3 0
48.5 4.4 0
48.5 4.5 0
48.5 4.6 0
48.5 4.7 0
48.5 4.8 0.02
48.5 4.9 0
48.5 5 0
48.5 5.1 0
48.5 5.2 0
48.5 5.3 0.02
48.5 5.4 0
48.5 5.5 0
48.5 5.6 0.02
48.5 5.7 0.02
48.5 5.8 0.08
48.5 5.9 0.06
48.5 6 0.16
48.5 6.1 0.22
48.5 6.2 0.18
48.5 6.3 0.38
48.5 6.4 0.18
48.5 6.5 0.28
48.5 6.6 0.38
48.5 6.7 0.48
48.5 6.8 0.4
48.5 6.9 0.64
48.5 7 0.46
48.5 7.1 0.72
48.5 7.2 0.58
48.5 7.3 0.64
48.5 7.4 0.76
48.5 7.5 0.84
48.5 7.6 0.74
48.5 7.7 0.88
48.5 7.8 0.88
48.5 7.9 0.94
48.5 8 0.94
48.5 8.1 0.9
48.5 8.2 0.96
48.5 8.3 0.96
48.5 8.4 0.96
48.5 8.5 0.98
48.5 8.6 1
48.5 8.7 1
48.5 8.8 1
48.5 8.9 1
48.5 9 0.98
48.5 9.1 1
48.5 9.2 1
48.5 9.3 1
48.5 9.4 1
48.5 9.5 1
48.5 9.6 1
48.5 9.7 1
48.5 9.8 1
48.5 9.9 1
48.5 10 1
49 0 0
49 0.1 0
49 0.2 0
49 0.3 0
49 0.4 0
49 0.5 0
49 0.6 0
49 0.7 0
49 0.8 0
49 0.9 0
49 1 0
49 1.1 0
49 1.2 0
49 1.3 0
49 1.4 0
49 1.5 0
49 1.6 0
49 1.7 0
49 1.8 0
49 1.9 0
49 2 0
49 2.1 0
49 2.2 0
49 2.3 0
49 2.4 0
49 2.5 0
49 2.6 0
49 2.7 0
49 2.8 0
49 2.9 0
49 3 0
49 3.1 0
49 3.2 0
49 3.3 0
49 3.4 0
49 3.5 0
49 3.6 0
49 3.7 0
49 3.8 0
49 3.9 0
49 4 0
49 4.1 0
49 4.2 0
49 4.3 0
49 4.4 0
49 4.5 0
49 4.6 0.02
49 4.7 0
49 4.8 0
49 4.9 0.02
49 5 0.02
49 5.1 0
49 5.2 0
49 5.3 0.02
49 5.4 0.02
49 5.5 0.04
49 5.6 0.04
49 5.7 0.02
49 5.8 0.06
49 5.9 0.1
49 6 0.08
49 6.1 0.16
49 6.2 0.28
49 6.3 0.26
49 6.4 0.22
49 6.5 0.3
49 6.6 0.32
49 6.7 0.46
49 6.8 0.46
49 6.9 0.4
49 7 0.56
49 7.1 0.66
49 7.2 0.74
49 7.3 0.74
49 7.4 0.76
49 7.5 0.84
49 7.6 0.82
49 7.7 0.84
49 7.8 0.94
49 7.9 0.9
49 8 0.96
49 8.1 0.94
49 8.2 0.92
49 8.3 0.98
49 8.4 0.9
49 8.5 0.98
49 8.6 1
49 8.7 1
49 8.8 0.98
49 8.9 1
49 9 0.98
49 9.1 1
49 9.2 1
49 9.3 0.98
49 9.4 1
49 9.5 1
49 9.6 1
49 9.7 1
49 9.8 1
49 9.9 1
49 10 1
49.5 0 0
49.5 0.1 0
49.5 0.2 0
49.5 0.3 0
49.5 0.4 0
49.5 0.5 0
49.5 0.6 0
49.5 0.7 0
49.5 0.8 0
49.5 0.9 0
49.5 1 0
49.5 1.1 0
49.5 1.2 0
49.5 1.3 0
49.5 1.4 0
49.5 1.5 0
49.5 1.6 0
49.5 1.7 0
49.5 1.8 0
49.5 1.9 0
49.5 2 0
49.5 2.1 0
49.5 2.2 0
49.5 2.3 0
49.5 2.4 0
49.5 2.5 0
49.5 2.6 0
49.5 2.7 0
49.5 2.8 0
49.5 2.9 0
49.5 3 0
49.5 3.1 0
49.5 3.2 0
49.5 3.3 0
49.5 3.4 0
49.5 3.5 0
49.5 3.6 0
49.5 3.7 0
49.5 3.8 0
49.5 3.9 0
49.5 4 0
49.5 4.1 0
49.5 4.2 0
49.5 4.3 0
49.5 4.4 0
49.5 4.5 0
49.5 4.6 0
49.5 4.7 0
49.5 4.8 0
49.5 4.9 0
49.5 5 0
49.5 5.1 0
49.5 5.2 0
49.5 5.3 0
49.5 5.4 0
49.5 5.5 0
49.5 5.6 0
49.5 5.7 0.02
49.5 5.8 0.02
49.5 5.9 0.04
49.5 6 0.02
49.5 6.1 0.04
49.5 6.2 0.1
49.5 6.3 0.12
49.5 6.4 0.34
49.5 6.5 0.26
49.5 6.6 0.32
49.5 6.7 0.36
49.5 6.8 0.42
49.5 6.9 0.5
49.5 7 0.44
49.5 7.1 0.64
49.5 7.2 0.7
49.5 7.3 0.78
49.5 7.4 0.64
49.5 7.5 0.8
49.5 7.6 0.86
49.5 7.7 0.78
49.5 7.8 0.96
49.5 7.9 0.92
49.5 8 0.94
49.5 8.1 0.92
49.5 8.2 0.88
49.5 8.3 0.98
49.5 8.4 0.98
49.5 8.5 0.98
49.5 8.6 1
49.5 8.7 0.98
49.5 8.8 1
49.5 8.9 1
49.5 9 1
49.5 9.1 0.98
49.5 9.2 1
49.5 9.3 0.98
49.5 9.4 1
49.5 9.5 1
49.5 9.6 1
49.5 9.7 1
49.5 9.8 1
49.5 9.9 1
49.5 10 1
50 0 0
50 0.1 0
50 0.2 0
50 0.3 0
50 0.4 0
50 0.5 0
50 0.6 0
50 0.7 0
50 0.8 0
50 0.9 0
50 1 0
50 1.1 0
50 1.2 0
50 1.3 0
50 1.4 0
50 1.5 0
50 1.6 0
50 1.7 0
50 1.8 0
50 1.9 0
50 2 0
50 2.1 0
50 2.2 0
50 2.3 0
50 2.4 0
50 2.5 0
50 2.6 0
50 2.7 0
50 2.8 0
50 2.9 0
50 3 0
50 3.1 0
50 3.2 0
50 3.3 0
50 3.4 0
50 3.5 0
50 3.6 0
50 3.7 0
50 3.8 0
50 3.9 0
50 4 0
50 4.1 0
50 4.2 0
50 4.3 0
50 4.4 0
50 4.5 0
50 4.6 0
50 4.7 0
50 4.8 0
50 4.9 0
50 5 0
50 5.1 0
50 5.2 0.02
50 5.3 0
50 5.4 0
50 5.5 0
50 5.6 0
50 5.7 0.02
50 5.8 0.02
50 5.9 0.12
50 6 0.06
50 6.1 0.12
50 6.2 0.06
50 6.3 0.18
50 6.4 0.14
50 6.5 0.2
50 6.6 0.24
50 6.7 0.42
50 6.8 0.42
50 6.9 0.58
50 7 0.5
50 7.1 0.58
50 7.2 0.64
50 7.3 0.62
50 7.4 0.88
50 7.5 0.76
50 7.6 0.76
50 7.7 0.84
50 7.8 0.9
50 7.9 0.96
50 8 0.92
50 8.1 0.88
50 8.2 0.96
50 8.3 0.94
50 8.4 0.98
50 8.5 1
50 8.6 1
50 8.7 0.98
50 8.8 1
50 8.9 1
50 9 0.96
50 9.1 1
50 9.2 1
50 9.3 1
50 9.4 1
50 9.5 1
50 9.6 1
50 9.7 1
50 9.8 1
50 9.9 1
50 10 1
50.5 0 0
50.5 0.1 0
50.5 0.2 0
50.5 0.3 0
50.5 0.4 0
50.5 0.5 0
50.5 0.6 0
50.5 0.7 0
50.5 0.8 0
50.5 0.9 0
50.5 1 0
50.5 1.1 0
50.5 1.2 0
50.5 1.3 0
50.5 1.4 0
50.5 1.5 0
50.5 1.6 0
50.5 1.7 0
50.5 1.8 0
50.5 1.9 0
50.5 2 0
50.5 2.1 0
50.5 2.2 0
50.5 2.3 0
50.5 2.4 0
50.5 2.5 0
50.5 2.6 0
50.5 2.7 0
50.5 2.8 0
50.5 2.9 0
50.5 3 0
50.5 3.1 0
50.5 3.2 0
50.5 3.3 0
50.5 3.4 0
50.5 3.5 0
50.5 3.6 0
50.5 3.7 0
50.5 3.8 0
50.5 3.9 0
50.5 4 0
50.5 4.1 0
50.5 4.2 0
50.5 4.3 0
50.5 4.4 0
50.5 4.5 0
50.5 4.6 0
50.5 4.7 0
50.5 4.8 0
50.5 4.9 0
50.5 5 0.02
50.5 5.1 0
50.5 5.2 0
50.5 5.3 0
50.5 5.4 0.02
50.5 5.5 0
50.5 5.6 0.02
50.5 5.7 0.02
50.5 5.8 0.04
50.5 5.9 0.06
50.5 6 0.06
50.5 6.1 0.06
50.5 6.2 0.06
50.5 6.3 0.06
50.5 6.4 0.16
50.5 6.5 0.22
50.5 6.6 0.36
50.5 6.7 0.28
50.5 6.8 0.36
50.5 6.9 0.52
50.5 7 0.56
50.5 7.1 0.54
50.5 7.2 0.68
50.5 7.3 0.66
50.5 7.4 0.66
50.5 7.5 0.84
50.5 7.6 0.88
50.5 7.7 0.78
50.5 7.8 0.92
50.5 7.9 0.92
50.5 8 0.98
50.5 8.1 0.92
50.5 8.2 1
50.5 8.3 0.92
50.5 8.4 0.98
50.5 8.5 0.96
50.5 8.6 0.96
50.5 8.7 0.98
50.5 8.8 1
50.5 8.9 0.98
50.5 9 1
50.5 9.1 1
50.5 9.2 1
50.5 9.3 1
50.5 9.4 1
50.5 9.5 1
50.5 9.6 1
50.5 9.7 1
50.5 9.8 1
50.5 9.9 0.98
50.5 10 1
51 0 0
51 0.1 0
51 0.2 0
51 0.3 0
51 0.4 0
51 0.5 0
51 0.6 0
51 0.7 0
51 0.8 0
51 0.9 0
51 1 0
51 1.1 0
51 1.2 0
51 1.3 0
51 1.4 0
51 1.5 0
51 1.6 0
51 1.7 0
51 1.8 0
51 1.9 0
51 2 0
51 2.1 0
51 2.2 0
51 2.3 0
51 2.4 0
51 2.5 0
51 2.6 0
51 2.7 0
51 2.8 0
51 2.9 0
51 3 0
51 3.1 0
51 3.2 0
51 3.3 0
51 3.4 0
51 3.5 0
51 3.6 0
51 3.7 0
51 3.8 0
51 3.9 0
51 4 0
51 4.1 0
51 4.2 0
51 4.3 0
51 4.4 0
51 4.5 0
51 4.6 0
51 4.7 0
51 4.8 0
51 4.9 0
51 5 0
51 5.1 0
51 5.2 0
51 5.3 0
51 5.4 0
51 5.5 0
51 5.6 0.04
51 5.7 0.02
51 5.8 0.02
51 5.9 0
51 6 0
51 6.1 0.08
51 6.2 0.04
51 6.3 0.08
51 6.4 0.1
51 6.5 0.16
51 6.6 0.28
51 6.7 0.3
51 6.8 0.28
51 6.9 0.4
51 7 0.44
51 7.1 0.54
51 7.2 0.5
51 7.3 0.42
51 7.4 0.44
51 7.5 0.74
51 7.6 0.78
51 7.7 0.78
51 7.8 0.88
51 7.9 0.86
51 8 0.84
51 8.1 0.94
51 8.2 0.92
51 8.3 0.92
51 8.4 1
51 8.5 0.96
51 8.6 0.98
51 8.7 0.98
51 8.8 0.98
51 8.9 0.98
51 9 0.98
51 9.1 1
51 9.2 1
51 9.3 0.98
51 9.4 0.98
51 9.5 1
51 9.6 1
51 9.7 1
51 9.8 1
51 9.9 1
51 10 1
51.5 0 0
51.5 0.1 0
51.5 0.2 0
51.5 0.3 0
51.5 0.4 0
51.5 0.5 0
51.5 0.6 0
51.5 0.7 0
51.5 0.8 0
51.5 0.9 0
51.5 1 0
51.5 1.1 0
51.5 1.2 0
51.5 1.3 0
51.5 1.4 0
51.5 1.5 0
51.5 1.6 0
51.5 1.7 0
51.5 1.8 0
51.5 1.9 0
51.5 2 0
51.5 2.1 0
51.5 2.2 0
51.5 2.3 0
51.5 2.4 0
51.5 2.5 0
51.5 2.6 0
51.5 2.7 0
51.5 2.8 0
51.5 2.9 0
51.5 3 0
51.5 3.1 0
51.5 3.2 0
51.5 3.3 0
51.5 3.4 0
51.5 3.5 0
51.5 3.6 0
51.5 3.7 0
51.5 3.8 0
51.5 3.9 0
51.5 4 0
51.5 4.1 0
51.5 4.2 0
51.5 4.3 0
51.5 4.4 0
51.5 4.5 0
51.5 4.6 0
51.5 4.7 0
51.5 4.8 0
51.5 4.9 0
51.5 5 0
51.5 5.1 0
51.5 5.2 0
51.5 5.3 0
51.5 5.4 0
51.5 5.5 0
51.5 5.6 0
51.5 5.7 0.02
51.5 5.8 0
51.5 5.9 0
51.5 6 0.04
51.5 6.1 0.1
51.5 6.2 0.04
51.5 6.3 0.1
51.5 6.4 0.06
51.5 6.5 0.14
51.5 6.6 0.24
51.5 6.7 0.28
51.5 6.8 0.26
51.5 6.9 0.28
51.5 7 0.4
51.5 7.1 0.48
51.5 7.2 0.5
51.5 7.3 0.46
51.5 7.4 0.62
51.5 7.5 0.64
51.5 7.6 0.86
51.5 7.7 0.76
51.5 7.8 0.8
51.5 7.9 0.84
51.5 8 0.86
51.5 8.1 0.9
51.5 8.2 1
51.5 8.3 0.98
51.5 8.4 0.96
51.5 8.5 0.98
51.5 8.6 0.98
51.5 8.7 0.94
51.5 8.8 0.98
51.5 8.9 1
51.5 9 0.98
51.5 9.1 1
51.5 9.2 0.94
51.5 9.3 1
51.5 9.4 1
51.5 9.5 0.98
51.5 9.6 1
51.5 9.7 1
51.5 9.8 1
51.5 9.9 1
51.5 10 1
52 0 0
52 0.1 0
52 0.2 0
52 0.3 0
52 0.4 0
52 0.5 0
52 0.6 0
52 0.7 0
52 0.8 0
52 0.9 0
52 1 0
52 1.1 0
52 1.2 0
52 1.3 0
52 1.4 0
52 1.5 0
52 1.6 0
52 1.7 0
52 1.8 0
52 1.9 0
52 2 0
52 2.1 0
52 2.2 0
52 2.3 0
52 2.4 0
52 2.5 0
52 2.6 0
52 2.7 0
52 2.8 0
52 2.9 0
52 3 0
52 3.1 0
52 3.2 0
52 3.3 0
52 3.4 0
52 3.5 0
52 3.6 0
52 3.7 0
52 3.8 0
52 3.9 0
52 4 0
52 4.1 0
52 4.2 0
52 4.3 0
52 4.4 0
52 4.5 0
52 4.6 0
52 4.7 0
52 4.8 0
52 4.9 0.02
52 5 0
52 5.1 0
52 5.2 0
52 5.3 0
52 5.4 0
52 5.5 0
52 5.6 0.02
52 5.7 0.02
52 5.8 0
52 5.9 0
52 6 0
52 6.1 0.02
52 6.2 0.04
52 6.3 0.04
52 6.4 0.12
52 6.5 0.14
52 6.6 0.08
52 6.7 0.22
52 6.8 0.28
52 6.9 0.28
52 7 0.24
52 7.1 0.42
52 7.2 0.44
52 7.3 0.64
52 7.4 0.56
52 7.5 0.7
52 7.6 0.66
52 7.7 0.86
52 7.8 0.8
52 7.9 0.88
52 8 0.9
52 8.1 0.94
52 8.2 0.94
52 8.3 0.92
52 8.4 0.86
52 8.5 0.92
52 8.6 1
52 8.7 0.98
52 8.8 0.96
52 8.9 0.98
52 9 1
52 9.1 1
52 9.2 1
52 9.3 0.98
52 9.4 1
52 9.5 1
52 9.6 0.98
52 9.7 1
52 9.8 0.98
52 9.9 1
52 10 1
52.5 0 0
52.5 0.1 0
52.5 0.2 0
52.5 0.3 0
52.5 0.4 0
52.5 0.5 0
52.5 0.6 0
52.5 0.7 0
52.5 0.8 0
52.5 0.9 0
52.5 1 0
52.5 1.1 0
52.5 1.2 0
52.5 1.3 0
52.5 1.4 0
52.5 1.5 0
52.5 1.6 0
52.5 1.7 0
52.5 1.8 0
52.5 1.9 0
52.5 2 0
52.5 2.1 0
52.5 2.2 0
52.5 2.3 0
52.5 2.4 0
52.5 2.5 0
52.5 2.6 0
52.5 2.7 0
52.5 2.8 0
52.5 2.9 0
52.5 3 0
52.5 3.1 0
52.5 3.2 0
52.5 3.3 0
52.5 3.4 0
52.5 3.5 0
52.5 3.6 0
52.5 3.7 0
52.5 3.8 0
52.5 3.9 0
52.5 4 0
52.5 4.1 0
52.5 4.2 0
52.5 4.3 0
52.5 4.4 0
52.5 4.5 0
52.5 4.6 0
52.5 4.7 0
52.5 4.8 0
52.5 4.9 0
52.5 5 0
52.5 5.1 0
52.5 5.2 0
52.5 5.3 0
52.5 5.4 0
52.5 5.5 0
52.5 5.6 0
52.5 5.7 0
