3.8 0 0
3.8 0.01 0
3.8 0.02 0
3.8 0.03 0
3.8 0.04 0
3.8 0.05 0
3.8 0.06 0
3.8 0.07 0
3.8 0.08 0
3.8 0.09 0
3.8 0.1 0
3.8 0.11 0
3.8 0.12 0
3.8 0.13 0
3.8 0.14 0
3.8 0.15 0
3.8 0.16 0
3.8 0.17 0
3.8 0.18 0
3.8 0.19 0
3.8 0.2 0
3.8 0.21 0
3.8 0.22 0.02
3.8 0.23 0.04
3.8 0.24 0.02
3.8 0.25 0
3.8 0.26 0.02
3.8 0.27 0.02
3.8 0.28 0.06
3.8 0.29 0.06
3.8 0.3 0.04
3.8 0.31 0.04
3.8 0.32 0.14
3.8 0.33 0.18
3.8 0.34 0.3
3.8 0.35 0.3
3.8 0.36 0.3
3.8 0.37 0.34
3.8 0.38 0.46
3.8 0.39 0.66
3.8 0.4 0.64
3.8 0.41 0.82
3.8 0.42 0.9
3.8 0.43 0.92
3.8 0.44 0.98
3.8 0.45 1
3.8 0.46 0.98
3.8 0.47 1
3.8 0.48 1
3.8 0.49 1
3.8 0.5 1
3.8 0.51 1
3.8 0.52 1
3.8 0.53 1
3.8 0.54 1
3.8 0.55 1
3.8 0.56 1
3.8 0.57 1
3.8 0.58 1
3.8 0.59 1
3.8 0.6 1
3.8 0.61 1
3.8 0.62 1
3.8 0.63 1
3.8 0.64 1
3.8 0.65 1
3.8 0.66 1
3.8 0.67 1
3.8 0.68 1
3.8 0.69 1
3.8 0.7 1
3.8 0.71 1
3.8 0.72 1
3.8 0.73 1
3.8 0.74 1
3.8 0.75 1
3.8 0.76 1
3.8 0.77 1
3.8 0.78 1
3.8 0.79 1
3.8 0.8 1
3.8 0.81 1
3.8 0.82 1
3.8 0.83 1
3.8 0.84 1
3.8 0.85 1
3.8 0.86 1
3.8 0.87 1
3.8 0.88 1
3.8 0.89 1
3.8 0.9 1
3.8 0.91 1
3.8 0.92 1
3.8 0.93 1
3.8 0.94 1
3.8 0.95 1
3.8 0.96 1
3.8 0.97 1
3.8 0.98 1
3.8 0.99 1
4.3 0 0
4.3 0.01 0
4.3 0.02 0
4.3 0.03 0
4.3 0.04 0
4.3 0.05 0
4.3 0.06 0
4.3 0.07 0
4.3 0.08 0
4.3 0.09 0
4.3 0.1 0
4.3 0.11 0
4.3 0.12 0
4.3 0.13 0
4.3 0.14 0
4.3 0.15 0
4.3 0.16 0
4.3 0.17 0
4.3 0.18 0
4.3 0.19 0
4.3 0.2 0
4.3 0.21 0
4.3 0.22 0
4.3 0.23 0
4.3 0.24 0
4.3 0.25 0.02
4.3 0.26 0
4.3 0.27 0
4.3 0.28 0.02
4.3 0.29 0
4.3 0.3 0.02
4.3 0.31 0.06
4.3 0.32 0.12
4.3 0.33 0.14
4.3 0.34 0.16
4.3 0.35 0.16
4.3 0.36 0.26
4.3 0.37 0.42
4.3 0.38 0.52
4.3 0.39 0.42
4.3 0.4 0.56
4.3 0.41 0.66
4.3 0.42 0.88
4.3 0.43 0.78
4.3 0.44 0.88
4.3 0.45 0.96
4.3 0.46 0.96
4.3 0.47 0.98
4.3 0.48 0.98
4.3 0.49 1
4.3 0.5 1
4.3 0.51 1
4.3 0.52 1
4.3 0.53 1
4.3 0.54 1
4.3 0.55 1
4.3 0.56 1
4.3 0.57 1
4.3 0.58 1
4.3 0.59 1
4.3 0.6 1
4.3 0.61 1
4.3 0.62 1
4.3 0.63 1
4.3 0.64 1
4.3 0.65 1
4.3 0.66 1
4.3 0.67 1
4.3 0.68 1
4.3 0.69 1
4.3 0.7 1
4.3 0.71 1
4.3 0.72 1
4.3 0.73 1
4.3 0.74 1
4.3 0.75 1
4.3 0.76 1
4.3 0.77 1
4.3 0.78 1
4.3 0.79 1
4.3 0.8 1
4.3 0.81 1
4.3 0.82 1
4.3 0.83 1
4.3 0.84 1
4.3 0.85 1
4.3 0.86 1
4.3 0.87 1
4.3 0.88 1
4.3 0.89 1
4.3 0.9 1
4.3 0.91 1
4.3 0.92 1
4.3 0.93 1
4.3 0.94 1
4.3 0.95 1
4.3 0.96 1
4.3 0.97 1
4.3 0.98 1
4.3 0.99 1
4.8 0 0
4.8 0.01 0
4.8 0.02 0
4.8 0.03 0
4.8 0.04 0
4.8 0.05 0
4.8 0.06 0
4.8 0.07 0
4.8 0.08 0
4.8 0.09 0
4.8 0.1 0
4.8 0.11 0
4.8 0.12 0
4.8 0.13 0
4.8 0.14 0
4.8 0.15 0
4.8 0.16 0
4.8 0.17 0
4.8 0.18 0
4.8 0.19 0
4.8 0.2 0
4.8 0.21 0
4.8 0.22 0.02
4.8 0.23 0.02
4.8 0.24 0
4.8 0.25 0
4.8 0.26 0.02
4.8 0.27 0.02
4.8 0.28 0.04
4.8 0.29 0.04
4.8 0.3 0.06
4.8 0.31 0.12
4.8 0.32 0.08
4.8 0.33 0.04
4.8 0.34 0.18
4.8 0.35 0.16
4.8 0.36 0.26
4.8 0.37 0.32
4.8 0.38 0.34
4.8 0.39 0.36
4.8 0.4 0.44
4.8 0.41 0.68
4.8 0.42 0.68
4.8 0.43 0.74
4.8 0.44 0.82
4.8 0.45 0.92
4.8 0.46 0.96
4.8 0.47 0.96
4.8 0.48 0.98
4.8 0.49 1
4.8 0.5 1
4.8 0.51 1
4.8 0.52 1
4.8 0.53 1
4.8 0.54 1
4.8 0.55 1
4.8 0.56 1
4.8 0.57 1
4.8 0.58 1
4.8 0.59 1
4.8 0.6 1
4.8 0.61 1
4.8 0.62 1
4.8 0.63 1
4.8 0.64 1
4.8 0.65 1
4.8 0.66 1
4.8 0.67 1
4.8 0.68 1
4.8 0.69 1
4.8 0.7 1
4.8 0.71 1
4.8 0.72 1
4.8 0.73 1
4.8 0.74 1
4.8 0.75 1
4.8 0.76 1
4.8 0.77 1
4.8 0.78 1
4.8 0.79 1
4.8 0.8 1
4.8 0.81 1
4.8 0.82 1
4.8 0.83 1
4.8 0.84 1
4.8 0.85 1
4.8 0.86 1
4.8 0.87 1
4.8 0.88 1
4.8 0.89 1
4.8 0.9 1
4.8 0.91 1
4.8 0.92 1
4.8 0.93 1
4.8 0.94 1
4.8 0.95 1
4.8 0.96 1
4.8 0.97 1
4.8 0.98 1
4.8 0.99 1
5.3 0 0
5.3 0.01 0
5.3 0.02 0
5.3 0.03 0
5.3 0.04 0
5.3 0.05 0
5.3 0.06 0
5.3 0.07 0
5.3 0.08 0
5.3 0.09 0
5.3 0.1 0
5.3 0.11 0
5.3 0.12 0
5.3 0.13 0
5.3 0.14 0
5.3 0.15 0
5.3 0.16 0
5.3 0.17 0
5.3 0.18 0.02
5.3 0.19 0
5.3 0.2 0
5.3 0.21 0
5.3 0.22 0.04
5.3 0.23 0.02
5.3 0.24 0
5.3 0.25 0.06
5.3 0.26 0.02
5.3 0.27 0.08
5.3 0.28 0.06
5.3 0.29 0.06
5.3 0.3 0.08
5.3 0.31 0.12
5.3 0.32 0.12
5.3 0.33 0.12
5.3 0.34 0.18
5.3 0.35 0.3
5.3 0.36 0.32
5.3 0.37 0.3
5.3 0.38 0.32
5.3 0.39 0.4
5.3 0.4 0.54
5.3 0.41 0.68
5.3 0.42 0.84
5.3 0.43 0.66
5.3 0.44 0.84
5.3 0.45 0.86
5.3 0.46 0.86
5.3 0.47 0.88
5.3 0.48 0.96
5.3 0.49 1
5.3 0.5 1
5.3 0.51 1
5.3 0.52 1
5.3 0.53 1
5.3 0.54 1
5.3 0.55 1
5.3 0.56 1
5.3 0.57 1
5.3 0.58 1
5.3 0.59 1
5.3 0.6 1
5.3 0.61 1
5.3 0.62 1
5.3 0.63 1
5.3 0.64 1
5.3 0.65 1
5.3 0.66 1
5.3 0.67 1
5.3 0.68 1
5.3 0.69 1
5.3 0.7 1
5.3 0.71 1
5.3 0.72 1
5.3 0.73 1
5.3 0.74 1
5.3 0.75 1
5.3 0.76 1
5.3 0.77 1
5.3 0.78 1
5.3 0.79 1
5.3 0.8 1
5.3 0.81 1
5.3 0.82 1
5.3 0.83 1
5.3 0.84 1
5.3 0.85 1
5.3 0.86 1
5.3 0.87 1
5.3 0.88 1
5.3 0.89 1
5.3 0.9 1
5.3 0.91 1
5.3 0.92 1
5.3 0.93 1
5.3 0.94 1
5.3 0.95 1
5.3 0.96 1
5.3 0.97 1
5.3 0.98 1
5.3 0.99 1
5.8 0 0
5.8 0.01 0
5.8 0.02 0
5.8 0.03 0
5.8 0.04 0
5.8 0.05 0
5.8 0.06 0
5.8 0.07 0
5.8 0.08 0
5.8 0.09 0
5.8 0.1 0
5.8 0.11 0
5.8 0.12 0
5.8 0.13 0
5.8 0.14 0
5.8 0.15 0
5.8 0.16 0
5.8 0.17 0
5.8 0.18 0
5.8 0.19 0
5.8 0.2 0.02
5.8 0.21 0.02
5.8 0.22 0.02
5.8 0.23 0.04
5.8 0.24 0.04
5.8 0.25 0.04
5.8 0.26 0
5.8 0.27 0.06
5.8 0.28 0.08
5.8 0.29 0.02
5.8 0.3 0.08
5.8 0.31 0.18
5.8 0.32 0.18
5.8 0.33 0.24
5.8 0.34 0.24
5.8 0.35 0.36
5.8 0.36 0.42
5.8 0.37 0.34
5.8 0.38 0.46
5.8 0.39 0.52
5.8 0.4 0.6
5.8 0.41 0.5
5.8 0.42 0.64
5.8 0.43 0.72
5.8 0.44 0.64
5.8 0.45 0.96
5.8 0.46 0.88
5.8 0.47 0.88
5.8 0.48 0.94
5.8 0.49 0.98
5.8 0.5 0.92
5.8 0.51 1
5.8 0.52 1
5.8 0.53 1
5.8 0.54 1
5.8 0.55 1
5.8 0.56 1
5.8 0.57 1
5.8 0.58 1
5.8 0.59 1
5.8 0.6 1
5.8 0.61 1
5.8 0.62 1
5.8 0.63 1
5.8 0.64 1
5.8 0.65 1
5.8 0.66 1
5.8 0.67 1
5.8 0.68 1
5.8 0.69 1
5.8 0.7 1
5.8 0.71 1
5.8 0.72 1
5.8 0.73 1
5.8 0.74 1
5.8 0.75 1
5.8 0.76 1
5.8 0.77 1
5.8 0.78 1
5.8 0.79 1
5.8 0.8 1
5.8 0.81 1
5.8 0.82 1
5.8 0.83 1
5.8 0.84 1
5.8 0.85 1
5.8 0.86 1
5.8 0.87 1
5.8 0.88 1
5.8 0.89 1
5.8 0.9 1
5.8 0.91 1
5.8 0.92 1
5.8 0.93 1
5.8 0.94 1
5.8 0.95 1
5.8 0.96 1
5.8 0.97 1
5.8 0.98 1
5.8 0.99 1
6.3 0 0
6.3 0.01 0
6.3 0.02 0
6.3 0.03 0
6.3 0.04 0
6.3 0.05 0
6.3 0.06 0
6.3 0.07 0
6.3 0.08 0
6.3 0.09 0
6.3 0.1 0
6.3 0.11 0
6.3 0.12 0
6.3 0.13 0
6.3 0.14 0
6.3 0.15 0
6.3 0.16 0
6.3 0.17 0
6.3 0.18 0.02
6.3 0.19 0
6.3 0.2 0
6.3 0.21 0.02
6.3 0.22 0.02
6.3 0.23 0.02
6.3 0.24 0.02
6.3 0.25 0.08
6.3 0.26 0.08
6.3 0.27 0.12
6.3 0.28 0.1
6.3 0.29 0
6.3 0.3 0.12
6.3 0.31 0.14
6.3 0.32 0.34
6.3 0.33 0.28
6.3 0.34 0.44
6.3 0.35 0.4
6.3 0.36 0.5
6.3 0.37 0.4
6.3 0.38 0.64
6.3 0.39 0.52
6.3 0.4 0.72
6.3 0.41 0.74
6.3 0.42 0.74
6.3 0.43 0.86
6.3 0.44 0.88
6.3 0.45 0.82
6.3 0.46 0.88
6.3 0.47 0.94
6.3 0.48 0.98
6.3 0.49 0.9
6.3 0.5 1
6.3 0.51 0.96
6.3 0.52 1
6.3 0.53 1
6.3 0.54 1
6.3 0.55 1
6.3 0.56 1
6.3 0.57 1
6.3 0.58 1
6.3 0.59 1
6.3 0.6 1
6.3 0.61 1
6.3 0.62 1
6.3 0.63 1
6.3 0.64 1
6.3 0.65 1
6.3 0.66 1
6.3 0.67 1
6.3 0.68 1
6.3 0.69 1
6.3 0.7 1
6.3 0.71 1
6.3 0.72 1
6.3 0.73 1
6.3 0.74 1
6.3 0.75 1
6.3 0.76 1
6.3 0.77 1
6.3 0.78 1
6.3 0.79 1
6.3 0.8 1
6.3 0.81 1
6.3 0.82 1
6.3 0.83 1
6.3 0.84 1
6.3 0.85 1
6.3 0.86 1
6.3 0.87 1
6.3 0.88 1
6.3 0.89 1
6.3 0.9 1
6.3 0.91 1
6.3 0.92 1
6.3 0.93 1
6.3 0.94 1
6.3 0.95 1
6.3 0.96 1
6.3 0.97 1
6.3 0.98 1
6.3 0.99 1
6.8 0 0
6.8 0.01 0
6.8 0.02 0
6.8 0.03 0
6.8 0.04 0
6.8 0.05 0
6.8 0.06 0
6.8 0.07 0
6.8 0.08 0
6.8 0.09 0
6.8 0.1 0
6.8 0.11 0.02
6.8 0.12 0
6.8 0.13 0
6.8 0.14 0
6.8 0.15 0
6.8 0.16 0
6.8 0.17 0.04
6.8 0.18 0.02
6.8 0.19 0.02
6.8 0.2 0.04
6.8 0.21 0.04
6.8 0.22 0.02
6.8 0.23 0.04
6.8 0.24 0.06
6.8 0.25 0.08
6.8 0.26 0.1
6.8 0.27 0.08
6.8 0.28 0.14
6.8 0.29 0.16
6.8 0.3 0.14
6.8 0.31 0.24
6.8 0.32 0.32
6.8 0.33 0.32
6.8 0.34 0.38
6.8 0.35 0.42
6.8 0.36 0.46
6.8 0.37 0.46
6.8 0.38 0.44
6.8 0.39 0.6
6.8 0.4 0.76
6.8 0.41 0.76
6.8 0.42 0.84
6.8 0.43 0.72
6.8 0.44 0.8
6.8 0.45 0.76
6.8 0.46 0.94
6.8 0.47 0.9
6.8 0.48 0.96
6.8 0.49 0.98
6.8 0.5 0.94
6.8 0.51 0.92
6.8 0.52 0.98
6.8 0.53 1
6.8 0.54 1
6.8 0.55 1
6.8 0.56 1
6.8 0.57 1
6.8 0.58 1
6.8 0.59 1
6.8 0.6 1
6.8 0.61 1
6.8 0.62 1
6.8 0.63 1
6.8 0.64 1
6.8 0.65 1
6.8 0.66 1
6.8 0.67 1
6.8 0.68 1
6.8 0.69 1
6.8 0.7 1
6.8 0.71 1
6.8 0.72 1
6.8 0.73 1
6.8 0.74 1
6.8 0.75 1
6.8 0.76 1
6.8 0.77 1
6.8 0.78 1
6.8 0.79 1
6.8 0.8 1
6.8 0.81 1
6.8 0.82 1
6.8 0.83 1
6.8 0.84 1
6.8 0.85 1
6.8 0.86 1
6.8 0.87 1
6.8 0.88 1
6.8 0.89 1
6.8 0.9 1
6.8 0.91 1
6.8 0.92 1
6.8 0.93 1
6.8 0.94 1
6.8 0.95 1
6.8 0.96 1
6.8 0.97 1
6.8 0.98 1
6.8 0.99 1
7.3 0 0
7.3 0.01 0
7.3 0.02 0
7.3 0.03 0
7.3 0.04 0
7.3 0.05 0
7.3 0.06 0
7.3 0.07 0
7.3 0.08 0
7.3 0.09 0
7.3 0.1 0
7.3 0.11 0
7.3 0.12 0
7.3 0.13 0
7.3 0.14 0
7.3 0.15 0
7.3 0.16 0.02
7.3 0.17 0.02
7.3 0.18 0.02
7.3 0.19 0.02
7.3 0.2 0.02
7.3 0.21 0.02
7.3 0.22 0.06
7.3 0.23 0
7.3 0.24 0.04
7.3 0.25 0.08
7.3 0.26 0.14
7.3 0.27 0.18
7.3 0.28 0.16
7.3 0.29 0.24
7.3 0.3 0.24
7.3 0.31 0.36
7.3 0.32 0.24
7.3 0.33 0.3
7.3 0.34 0.38
7.3 0.35 0.5
7.3 0.36 0.5
7.3 0.37 0.6
7.3 0.38 0.6
7.3 0.39 0.64
7.3 0.4 0.58
7.3 0.41 0.72
7.3 0.42 0.76
7.3 0.43 0.88
7.3 0.44 0.8
7.3 0.45 0.88
7.3 0.46 0.9
7.3 0.47 0.9
7.3 0.48 0.92
7.3 0.49 1
7.3 0.5 0.96
7.3 0.51 1
7.3 0.52 1
7.3 0.53 0.98
7.3 0.54 0.98
7.3 0.55 1
7.3 0.56 1
7.3 0.57 1
7.3 0.58 1
7.3 0.59 1
7.3 0.6 1
7.3 0.61 1
7.3 0.62 1
7.3 0.63 1
7.3 0.64 1
7.3 0.65 1
7.3 0.66 1
7.3 0.67 1
7.3 0.68 1
7.3 0.69 1
7.3 0.7 1
7.3 0.71 1
7.3 0.72 1
7.3 0.73 1
7.3 0.74 1
7.3 0.75 1
7.3 0.76 1
7.3 0.77 1
7.3 0.78 1
7.3 0.79 1
7.3 0.8 1
7.3 0.81 1
7.3 0.82 1
7.3 0.83 1
7.3 0.84 1
7.3 0.85 1
7.3 0.86 1
7.3 0.87 1
7.3 0.88 1
7.3 0.89 1
7.3 0.9 1
7.3 0.91 1
7.3 0.92 1
7.3 0.93 1
7.3 0.94 1
7.3 0.95 1
7.3 0.96 1
7.3 0.97 1
7.3 0.98 1
7.3 0.99 1
7.8 0 0
7.8 0.01 0
7.8 0.02 0
7.8 0.03 0
7.8 0.04 0
7.8 0.05 0
7.8 0.06 0
7.8 0.07 0
7.8 0.08 0
7.8 0.09 0
7.8 0.1 0
7.8 0.11 0
7.8 0.12 0
7.8 0.13 0
7.8 0.14 0.02
7.8 0.15 0
7.8 0.16 0
7.8 0.17 0
7.8 0.18 0.02
7.8 0.19 0
7.8 0.2 0.02
7.8 0.21 0.02
7.8 0.22 0.06
7.8 0.23 0.08
7.8 0.24 0.06
7.8 0.25 0.02
7.8 0.26 0.08
7.8 0.27 0.16
7.8 0.28 0.12
7.8 0.29 0.08
7.8 0.3 0.22
7.8 0.31 0.2
7.8 0.32 0.28
7.8 0.33 0.4
7.8 0.34 0.36
7.8 0.35 0.52
7.8 0.36 0.62
7.8 0.37 0.52
7.8 0.38 0.68
7.8 0.39 0.78
7.8 0.4 0.62
7.8 0.41 0.64
7.8 0.42 0.86
7.8 0.43 0.84
7.8 0.44 0.84
7.8 0.45 0.92
7.8 0.46 0.9
7.8 0.47 0.96
7.8 0.48 0.94
7.8 0.49 0.96
7.8 0.5 1
7.8 0.51 1
7.8 0.52 1
7.8 0.53 1
7.8 0.54 1
7.8 0.55 1
7.8 0.56 1
7.8 0.57 1
7.8 0.58 1
7.8 0.59 1
7.8 0.6 1
7.8 0.61 1
7.8 0.62 1
7.8 0.63 1
7.8 0.64 1
7.8 0.65 1
7.8 0.66 1
7.8 0.67 1
7.8 0.68 1
7.8 0.69 1
7.8 0.7 1
7.8 0.71 1
7.8 0.72 1
7.8 0.73 1
7.8 0.74 1
7.8 0.75 1
7.8 0.76 1
7.8 0.77 1
7.8 0.78 1
7.8 0.79 1
7.8 0.8 1
7.8 0.81 1
7.8 0.82 1
7.8 0.83 1
7.8 0.84 1
7.8 0.85 1
7.8 0.86 1
7.8 0.87 1
7.8 0.88 1
7.8 0.89 1
7.8 0.9 1
7.8 0.91 1
7.8 0.92 1
7.8 0.93 1
7.8 0.94 1
7.8 0.95 1
7.8 0.96 1
7.8 0.97 1
7.8 0.98 1
7.8 0.99 1
8.3 0 0
8.3 0.01 0
8.3 0.02 0
8.3 0.03 0
8.3 0.04 0
8.3 0.05 0
8.3 0.06 0
8.3 0.07 0
8.3 0.08 0
8.3 0.09 0
8.3 0.1 0
8.3 0.11 0
8.3 0.12 0
8.3 0.13 0
8.3 0.14 0
8.3 0.15 0
8.3 0.16 0
8.3 0.17 0.02
8.3 0.18 0.04
8.3 0.19 0.02
8.3 0.2 0.02
8.3 0.21 0
8.3 0.22 0.02
8.3 0.23 0.02
8.3 0.24 0.02
8.3 0.25 0
8.3 0.26 0.08
8.3 0.27 0.1
8.3 0.28 0.16
8.3 0.29 0.14
8.3 0.3 0.26
8.3 0.31 0.24
8.3 0.32 0.42
8.3 0.33 0.32
8.3 0.34 0.28
8.3 0.35 0.48
8.3 0.36 0.54
8.3 0.37 0.56
8.3 0.38 0.64
8.3 0.39 0.72
8.3 0.4 0.76
8.3 0.41 0.76
8.3 0.42 0.82
8.3 0.43 0.84
8.3 0.44 0.92
8.3 0.45 0.92
8.3 0.46 0.92
8.3 0.47 1
8.3 0.48 0.9
8.3 0.49 0.98
8.3 0.5 0.96
8.3 0.51 1
8.3 0.52 1
8.3 0.53 1
8.3 0.54 1
8.3 0.55 1
8.3 0.56 1
8.3 0.57 1
8.3 0.58 1
8.3 0.59 1
8.3 0.6 1
8.3 0.61 1
8.3 0.62 1
8.3 0.63 1
8.3 0.64 1
8.3 0.65 1
8.3 0.66 1
8.3 0.67 1
8.3 0.68 1
8.3 0.69 1
8.3 0.7 1
8.3 0.71 1
8.3 0.72 1
8.3 0.73 1
8.3 0.74 1
8.3 0.75 1
8.3 0.76 1
8.3 0.77 1
8.3 0.78 1
8.3 0.79 1
8.3 0.8 1
8.3 0.81 1
8.3 0.82 1
8.3 0.83 1
8.3 0.84 1
8.3 0.85 1
8.3 0.86 1
8.3 0.87 1
8.3 0.88 1
8.3 0.89 1
8.3 0.9 1
8.3 0.91 1
8.3 0.92 1
8.3 0.93 1
8.3 0.94 1
8.3 0.95 1
8.3 0.96 1
8.3 0.97 1
8.3 0.98 1
8.3 0.99 1
8.8 0 0
8.8 0.01 0
8.8 0.02 0
8.8 0.03 0
8.8 0.04 0
8.8 0.05 0
8.8 0.06 0
8.8 0.07 0
8.8 0.08 0
8.8 0.09 0
8.8 0.1 0
8.8 0.11 0
8.8 0.12 0.02
8.8 0.13 0
8.8 0.14 0
8.8 0.15 0
8.8 0.16 0
8.8 0.17 0
8.8 0.18 0.02
8.8 0.19 0.02
8.8 0.2 0.08
8.8 0.21 0.04
8.8 0.22 0.04
8.8 0.23 0.04
8.8 0.24 0.08
8.8 0.25 0.02
8.8 0.26 0.1
8.8 0.27 0.06
8.8 0.28 0.16
8.8 0.29 0.18
8.8 0.3 0.26
8.8 0.31 0.18
8.8 0.32 0.32
8.8 0.33 0.4
8.8 0.34 0.34
8.8 0.35 0.5
8.8 0.36 0.64
8.8 0.37 0.54
8.8 0.38 0.58
8.8 0.39 0.72
8.8 0.4 0.8
8.8 0.41 0.74
8.8 0.42 0.84
8.8 0.43 0.86
8.8 0.44 0.94
8.8 0.45 0.9
8.8 0.46 0.96
8.8 0.47 0.98
8.8 0.48 0.96
8.8 0.49 0.96
8.8 0.5 0.96
8.8 0.51 1
8.8 0.52 1
8.8 0.53 1
8.8 0.54 0.98
8.8 0.55 1
8.8 0.56 1
8.8 0.57 1
8.8 0.58 1
8.8 0.59 1
8.8 0.6 1
8.8 0.61 1
8.8 0.62 1
8.8 0.63 1
8.8 0.64 1
8.8 0.65 1
8.8 0.66 1
8.8 0.67 1
8.8 0.68 1
8.8 0.69 1
8.8 0.7 1
8.8 0.71 1
8.8 0.72 1
8.8 0.73 1
8.8 0.74 1
8.8 0.75 1
8.8 0.76 1
8.8 0.77 1
8.8 0.78 1
8.8 0.79 1
8.8 0.8 1
8.8 0.81 1
8.8 0.82 1
8.8 0.83 1
8.8 0.84 1
8.8 0.85 1
8.8 0.86 1
8.8 0.87 1
8.8 0.88 1
8.8 0.89 1
8.8 0.9 1
8.8 0.91 1
8.8 0.92 1
8.8 0.93 1
8.8 0.94 1
8.8 0.95 1
8.8 0.96 1
8.8 0.97 1
8.8 0.98 1
8.8 0.99 1
9.3 0 0
9.3 0.01 0
9.3 0.02 0
9.3 0.03 0
9.3 0.04 0
9.3 0.05 0
9.3 0.06 0
9.3 0.07 0
9.3 0.08 0
9.3 0.09 0
9.3 0.1 0
9.3 0.11 0
9.3 0.12 0
9.3 0.13 0
9.3 0.14 0
9.3 0.15 0
9.3 0.16 0
9.3 0.17 0
9.3 0.18 0.02
9.3 0.19 0
9.3 0.2 0
9.3 0.21 0
9.3 0.22 0.02
9.3 0.23 0.08
9.3 0.24 0.02
9.3 0.25 0.04
9.3 0.26 0.04
9.3 0.27 0.2
9.3 0.28 0.1
9.3 0.29 0.16
9.3 0.3 0.2
9.3 0.31 0.18
9.3 0.32 0.22
9.3 0.33 0.3
9.3 0.34 0.36
9.3 0.35 0.5
9.3 0.36 0.54
9.3 0.37 0.66
9.3 0.38 0.64
9.3 0.39 0.72
9.3 0.4 0.68
9.3 0.41 0.78
9.3 0.42 0.8
9.3 0.43 0.9
9.3 0.44 0.94
9.3 0.45 0.88
9.3 0.46 0.96
9.3 0.47 0.98
9.3 0.48 0.92
9.3 0.49 0.96
9.3 0.5 0.98
9.3 0.51 1
9.3 0.52 0.96
9.3 0.53 1
9.3 0.54 1
9.3 0.55 1
9.3 0.56 1
9.3 0.57 1
9.3 0.58 1
9.3 0.59 1
9.3 0.6 1
9.3 0.61 1
9.3 0.62 1
9.3 0.63 1
9.3 0.64 1
9.3 0.65 1
9.3 0.66 1
9.3 0.67 1
9.3 0.68 1
9.3 0.69 1
9.3 0.7 1
9.3 0.71 1
9.3 0.72 1
9.3 0.73 1
9.3 0.74 1
9.3 0.75 1
9.3 0.76 1
9.3 0.77 1
9.3 0.78 1
9.3 0.79 1
9.3 0.8 1
9.3 0.81 1
9.3 0.82 1
9.3 0.83 1
9.3 0.84 1
9.3 0.85 1
9.3 0.86 1
9.3 0.87 1
9.3 0.88 1
9.3 0.89 1
9.3 0.9 1
9.3 0.91 1
9.3 0.92 1
9.3 0.93 1
9.3 0.94 1
9.3 0.95 1
9.3 0.96 1
9.3 0.97 1
9.3 0.98 1
9.3 0.99 1
9.8 0 0
9.8 0.01 0
9.8 0.02 0
9.8 0.03 0
9.8 0.04 0
9.8 0.05 0
9.8 0.06 0
9.8 0.07 0
9.8 0.08 0
9.8 0.09 0
9.8 0.1 0
9.8 0.11 0
9.8 0.12 0
9.8 0.13 0
9.8 0.14 0
9.8 0.15 0
9.8 0.16 0
9.8 0.17 0
9.8 0.18 0
9.8 0.19 0.02
9.8 0.2 0
9.8 0.21 0.04
9.8 0.22 0.04
9.8 0.23 0.02
9.8 0.24 0.04
9.8 0.25 0
9.8 0.26 0.04
9.8 0.27 0.02
9.8 0.28 0.02
9.8 0.29 0.06
9.8 0.3 0.14
9.8 0.31 0.18
9.8 0.32 0.24
9.8 0.33 0.26
9.8 0.34 0.34
9.8 0.35 0.26
9.8 0.36 0.46
9.8 0.37 0.54
9.8 0.38 0.7
9.8 0.39 0.66
9.8 0.4 0.78
9.8 0.41 0.8
9.8 0.42 0.86
9.8 0.43 0.88
9.8 0.44 0.9
9.8 0.45 0.9
9.8 0.46 0.92
9.8 0.47 0.98
9.8 0.48 1
9.8 0.49 0.98
9.8 0.5 0.98
9.8 0.51 1
9.8 0.52 0.98
9.8 0.53 1
9.8 0.54 1
9.8 0.55 1
9.8 0.56 1
9.8 0.57 1
9.8 0.58 1
9.8 0.59 1
9.8 0.6 1
9.8 0.61 1
9.8 0.62 1
9.8 0.63 1
9.8 0.64 1
9.8 0.65 1
9.8 0.66 1
9.8 0.67 1
9.8 0.68 1
9.8 0.69 1
9.8 0.7 1
9.8 0.71 1
9.8 0.72 1
9.8 0.73 1
9.8 0.74 1
9.8 0.75 1
9.8 0.76 1
9.8 0.77 1
9.8 0.78 1
9.8 0.79 1
9.8 0.8 1
9.8 0.81 1
9.8 0.82 1
9.8 0.83 1
9.8 0.84 1
9.8 0.85 1
9.8 0.86 1
9.8 0.87 1
9.8 0.88 1
9.8 0.89 1
9.8 0.9 1
9.8 0.91 1
9.8 0.92 1
9.8 0.93 1
9.8 0.94 1
9.8 0.95 1
9.8 0.96 1
9.8 0.97 1
9.8 0.98 1
9.8 0.99 1
10.3 0 0
10.3 0.01 0
10.3 0.02 0
10.3 0.03 0
10.3 0.04 0
10.3 0.05 0
10.3 0.06 0
10.3 0.07 0
10.3 0.08 0
10.3 0.09 0
10.3 0.1 0
10.3 0.11 0
10.3 0.12 0
10.3 0.13 0
10.3 0.14 0
10.3 0.15 0
10.3 0.16 0
10.3 0.17 0
10.3 0.18 0
10.3 0.19 0
10.3 0.2 0
10.3 0.21 0
10.3 0.22 0.02
10.3 0.23 0
10.3 0.24 0.02
10.3 0.25 0
10.3 0.26 0.02
10.3 0.27 0.04
10.3 0.28 0.06
10.3 0.29 0.04
10.3 0.3 0.06
10.3 0.31 0.14
10.3 0.32 0.18
10.3 0.33 0.2
10.3 0.34 0.24
10.3 0.35 0.22
10.3 0.36 0.36
10.3 0.37 0.5
10.3 0.38 0.42
10.3 0.39 0.66
10.3 0.4 0.72
10.3 0.41 0.86
10.3 0.42 0.76
10.3 0.43 0.9
10.3 0.44 0.92
10.3 0.45 1
10.3 0.46 0.96
10.3 0.47 0.94
10.3 0.48 0.98
10.3 0.49 0.96
10.3 0.5 1
10.3 0.51 1
10.3 0.52 0.98
10.3 0.53 0.96
10.3 0.54 1
10.3 0.55 1
10.3 0.56 1
10.3 0.57 1
10.3 0.58 1
10.3 0.59 1
10.3 0.6 1
10.3 0.61 1
10.3 0.62 1
10.3 0.63 1
10.3 0.64 1
10.3 0.65 1
10.3 0.66 1
10.3 0.67 1
10.3 0.68 1
10.3 0.69 1
10.3 0.7 1
10.3 0.71 1
10.3 0.72 1
10.3 0.73 1
10.3 0.74 1
10.3 0.75 1
10.3 0.76 1
10.3 0.77 1
10.3 0.78 1
10.3 0.79 1
10.3 0.8 1
10.3 0.81 1
10.3 0.82 1
10.3 0.83 1
10.3 0.84 1
10.3 0.85 1
10.3 0.86 1
10.3 0.87 1
10.3 0.88 1
10.3 0.89 1
10.3 0.9 1
10.3 0.91 1
10.3 0.92 1
10.3 0.93 1
10.3 0.94 1
10.3 0.95 1
10.3 0.96 1
10.3 0.97 1
10.3 0.98 1
10.3 0.99 1
10.8 0 0
10.8 0.01 0
10.8 0.02 0
10.8 0.03 0
10.8 0.04 0
10.8 0.05 0
10.8 0.06 0
10.8 0.07 0
10.8 0.08 0
10.8 0.09 0
10.8 0.1 0
10.8 0.11 0
10.8 0.12 0
10.8 0.13 0
10.8 0.14 0
10.8 0.15 0
10.8 0.16 0
10.8 0.17 0
10.8 0.18 0
10.8 0.19 0.02
10.8 0.2 0
10.8 0.21 0
10.8 0.22 0
10.8 0.23 0
10.8 0.24 0
10.8 0.25 0
10.8 0.26 0.06
10.8 0.27 0.02
10.8 0.28 0
10.8 0.29 0.06
10.8 0.3 0.06
10.8 0.31 0.12
10.8 0.32 0.14
10.8 0.33 0.12
10.8 0.34 0.32
10.8 0.35 0.38
10.8 0.36 0.3
10.8 0.37 0.5
10.8 0.38 0.52
10.8 0.39 0.56
10.8 0.4 0.64
10.8 0.41 0.82
10.8 0.42 0.92
10.8 0.43 0.92
10.8 0.44 0.92
10.8 0.45 0.88
10.8 0.46 0.98
10.8 0.47 0.96
10.8 0.48 0.98
10.8 0.49 1
10.8 0.5 1
10.8 0.51 0.98
10.8 0.52 1
10.8 0.53 1
10.8 0.54 1
10.8 0.55 1
10.8 0.56 1
10.8 0.57 1
10.8 0.58 1
10.8 0.59 1
10.8 0.6 1
10.8 0.61 1
10.8 0.62 1
10.8 0.63 1
10.8 0.64 1
10.8 0.65 1
10.8 0.66 1
10.8 0.67 1
10.8 0.68 1
10.8 0.69 1
10.8 0.7 1
10.8 0.71 1
10.8 0.72 1
10.8 0.73 1
10.8 0.74 1
10.8 0.75 1
10.8 0.76 1
10.8 0.77 1
10.8 0.78 1
10.8 0.79 1
10.8 0.8 1
10.8 0.81 1
10.8 0.82 1
10.8 0.83 1
10.8 0.84 1
10.8 0.85 1
10.8 0.86 1
10.8 0.87 1
10.8 0.88 1
10.8 0.89 1
10.8 0.9 1
10.8 0.91 1
10.8 0.92 1
10.8 0.93 1
10.8 0.94 1
10.8 0.95 1
10.8 0.96 1
10.8 0.97 1
10.8 0.98 1
10.8 0.99 1
11.3 0 0
11.3 0.01 0
11.3 0.02 0
11.3 0.03 0
11.3 0.04 0
11.3 0.05 0
11.3 0.06 0
11.3 0.07 0
11.3 0.08 0
11.3 0.09 0
11.3 0.1 0
11.3 0.11 0
11.3 0.12 0
11.3 0.13 0
11.3 0.14 0
11.3 0.15 0
11.3 0.16 0
11.3 0.17 0
11.3 0.18 0
11.3 0.19 0
11.3 0.2 0
11.3 0.21 0
11.3 0.22 0
11.3 0.23 0
11.3 0.24 0.02
11.3 0.25 0
11.3 0.26 0.02
11.3 0.27 0.02
11.3 0.28 0.02
11.3 0.29 0.06
11.3 0.3 0.1
11.3 0.31 0.06
11.3 0.32 0.12
11.3 0.33 0.14
11.3 0.34 0.22
11.3 0.35 0.26
11.3 0.36 0.36
11.3 0.37 0.58
11.3 0.38 0.4
11.3 0.39 0.66
11.3 0.4 0.54
11.3 0.41 0.8
11.3 0.42 0.76
11.3 0.43 0.8
11.3 0.44 0.9
11.3 0.45 0.92
11.3 0.46 0.88
11.3 0.47 0.94
11.3 0.48 1
11.3 0.49 0.96
11.3 0.5 0.98
11.3 0.51 0.98
11.3 0.52 0.98
11.3 0.53 1
11.3 0.54 1
11.3 0.55 1
11.3 0.56 1
11.3 0.57 1
11.3 0.58 1
11.3 0.59 1
11.3 0.6 1
11.3 0.61 1
11.3 0.62 1
11.3 0.63 1
11.3 0.64 1
11.3 0.65 1
11.3 0.66 1
11.3 0.67 1
11.3 0.68 1
11.3 0.69 1
11.3 0.7 1
11.3 0.71 1
11.3 0.72 1
11.3 0.73 1
11.3 0.74 1
11.3 0.75 1
11.3 0.76 1
11.3 0.77 1
11.3 0.78 1
11.3 0.79 1
11.3 0.8 1
11.3 0.81 1
11.3 0.82 1
11.3 0.83 1
11.3 0.84 1
11.3 0.85 1
11.3 0.86 1
11.3 0.87 1
11.3 0.88 1
11.3 0.89 1
11.3 0.9 1
11.3 0.91 1
11.3 0.92 1
11.3 0.93 1
11.3 0.94 1
11.3 0.95 1
11.3 0.96 1
11.3 0.97 1
11.3 0.98 1
11.3 0.99 1
11.8 0 0
11.8 0.01 0
11.8 0.02 0
11.8 0.03 0
11.8 0.04 0
11.8 0.05 0
11.8 0.06 0
11.8 0.07 0
11.8 0.08 0
11.8 0.09 0
11.8 0.1 0
11.8 0.11 0
11.8 0.12 0
11.8 0.13 0
11.8 0.14 0
11.8 0.15 0
11.8 0.16 0
11.8 0.17 0
11.8 0.18 0
11.8 0.19 0
11.8 0.2 0
11.8 0.21 0
11.8 0.22 0
11.8 0.23 0
11.8 0.24 0.02
11.8 0.25 0.04
11.8 0.26 0.02
11.8 0.27 0.02
11.8 0.28 0.06
11.8 0.29 0.04
11.8 0.3 0.04
11.8 0.31 0.08
11.8 0.32 0.08
11.8 0.33 0.06
11.8 0.34 0.16
11.8 0.35 0.22
11.8 0.36 0.4
11.8 0.37 0.3
11.8 0.38 0.54
11.8 0.39 0.52
11.8 0.4 0.66
11.8 0.41 0.78
11.8 0.42 0.76
11.8 0.43 0.86
11.8 0.44 0.84
11.8 0.45 0.94
11.8 0.46 0.96
11.8 0.47 0.98
11.8 0.48 0.86
11.8 0.49 0.96
11.8 0.5 1
11.8 0.51 0.98
11.8 0.52 0.96
11.8 0.53 0.98
11.8 0.54 1
11.8 0.55 1
11.8 0.56 1
11.8 0.57 1
11.8 0.58 1
11.8 0.59 1
11.8 0.6 1
11.8 0.61 1
11.8 0.62 1
11.8 0.63 1
11.8 0.64 1
11.8 0.65 1
11.8 0.66 1
11.8 0.67 1
11.8 0.68 1
11.8 0.69 1
11.8 0.7 1
11.8 0.71 1
11.8 0.72 1
11.8 0.73 1
11.8 0.74 1
11.8 0.75 1
11.8 0.76 1
11.8 0.77 1
11.8 0.78 1
11.8 0.79 1
11.8 0.8 1
11.8 0.81 1
11.8 0.82 1
11.8 0.83 1
11.8 0.84 1
11.8 0.85 1
11.8 0.86 1
11.8 0.87 1
11.8 0.88 1
11.8 0.89 1
11.8 0.9 1
11.8 0.91 1
11.8 0.92 1
11.8 0.93 1
11.8 0.94 1
11.8 0.95 1
11.8 0.96 1
11.8 0.97 1
11.8 0.98 1
11.8 0.99 1
12.3 0 0
12.3 0.01 0
12.3 0.02 0
12.3 0.03 0
12.3 0.04 0
12.3 0.05 0
12.3 0.06 0
12.3 0.07 0
12.3 0.08 0
12.3 0.09 0
12.3 0.1 0
12.3 0.11 0
12.3 0.12 0
12.3 0.13 0
12.3 0.14 0
12.3 0.15 0
12.3 0.16 0
12.3 0.17 0
12.3 0.18 0
12.3 0.19 0
12.3 0.2 0
12.3 0.21 0
12.3 0.22 0.02
12.3 0.23 0
12.3 0.24 0.02
12.3 0.25 0
12.3 0.26 0.04
12.3 0.27 0.02
12.3 0.28 0.14
12.3 0.29 0
12.3 0.3 0.02
12.3 0.31 0.1
12.3 0.32 0.2
12.3 0.33 0.16
12.3 0.34 0.2
12.3 0.35 0.22
12.3 0.36 0.36
12.3 0.37 0.34
12.3 0.38 0.3
12.3 0.39 0.32
12.3 0.4 0.58
12.3 0.41 0.72
12.3 0.42 0.78
12.3 0.43 0.78
12.3 0.44 0.76
12.3 0.45 0.84
12.3 0.46 0.94
12.3 0.47 0.92
12.3 0.48 0.96
12.3 0.49 0.96
12.3 0.5 0.98
12.3 0.51 0.94
12.3 0.52 1
12.3 0.53 0.98
12.3 0.54 0.98
12.3 0.55 1
12.3 0.56 1
12.3 0.57 1
12.3 0.58 1
12.3 0.59 0.98
12.3 0.6 1
12.3 0.61 1
12.3 0.62 1
12.3 0.63 1
12.3 0.64 1
12.3 0.65 1
12.3 0.66 1
12.3 0.67 1
12.3 0.68 1
12.3 0.69 1
12.3 0.7 1
12.3 0.71 1
12.3 0.72 1
12.3 0.73 1
12.3 0.74 1
12.3 0.75 1
12.3 0.76 1
12.3 0.77 1
12.3 0.78 1
12.3 0.79 1
12.3 0.8 1
12.3 0.81 1
12.3 0.82 1
12.3 0.83 1
12.3 0.84 1
12.3 0.85 1
12.3 0.86 1
12.3 0.87 1
12.3 0.88 1
12.3 0.89 1
12.3 0.9 1
12.3 0.91 1
12.3 0.92 1
12.3 0.93 1
12.3 0.94 1
12.3 0.95 1
12.3 0.96 1
12.3 0.97 1
12.3 0.98 1
12.3 0.99 1
12.8 0 0
12.8 0.01 0
12.8 0.02 0
12.8 0.03 0
12.8 0.04 0
12.8 0.05 0
12.8 0.06 0
12.8 0.07 0
12.8 0.08 0
12.8 0.09 0
12.8 0.1 0
12.8 0.11 0
12.8 0.12 0
12.8 0.13 0
12.8 0.14 0
12.8 0.15 0
12.8 0.16 0
12.8 0.17 0
12.8 0.18 0
12.8 0.19 0
12.8 0.2 0
12.8 0.21 0
12.8 0.22 0
12.8 0.23 0.02
12.8 0.24 0.02
12.8 0.25 0.02
12.8 0.26 0.02
12.8 0.27 0
12.8 0.28 0.1
12.8 0.29 0.02
12.8 0.3 0.02
12.8 0.31 0.06
12.8 0.32 0.08
12.8 0.33 0.12
12.8 0.34 0.18
12.8 0.35 0.26
12.8 0.36 0.3
12.8 0.37 0.3
12.8 0.38 0.48
12.8 0.39 0.42
12.8 0.4 0.56
12.8 0.41 0.52
12.8 0.42 0.72
12.8 0.43 0.74
12.8 0.44 0.88
12.8 0.45 0.8
12.8 0.46 0.82
12.8 0.47 0.88
12.8 0.48 0.96
12.8 0.49 0.9
12.8 0.5 0.98
12.8 0.51 0.96
12.8 0.52 0.98
12.8 0.53 0.96
12.8 0.54 1
12.8 0.55 1
12.8 0.56 1
12.8 0.57 0.98
12.8 0.58 0.98
12.8 0.59 1
12.8 0.6 1
12.8 0.61 1
12.8 0.62 1
12.8 0.63 1
12.8 0.64 1
12.8 0.65 1
12.8 0.66 1
12.8 0.67 1
12.8 0.68 1
12.8 0.69 1
12.8 0.7 1
12.8 0.71 1
12.8 0.72 1
12.8 0.73 1
12.8 0.74 1
12.8 0.75 1
12.8 0.76 1
12.8 0.77 1
12.8 0.78 1
12.8 0.79 1
12.8 0.8 1
12.8 0.81 1
12.8 0.82 1
12.8 0.83 1
12.8 0.84 1
12.8 0.85 1
12.8 0.86 1
12.8 0.87 1
12.8 0.88 1
12.8 0.89 1
12.8 0.9 1
12.8 0.91 1
12.8 0.92 1
12.8 0.93 1
12.8 0.94 1
12.8 0.95 1
12.8 0.96 1
12.8 0.97 1
12.8 0.98 1
12.8 0.99 1
13.3 0 0
13.3 0.01 0
13.3 0.02 0
13.3 0.03 0
13.3 0.04 0
13.3 0.05 0
13.3 0.06 0
13.3 0.07 0
13.3 0.08 0
13.3 0.09 0
13.3 0.1 0
13.3 0.11 0
13.3 0.12 0
13.3 0.13 0
13.3 0.14 0
13.3 0.15 0
13.3 0.16 0
13.3 0.17 0
13.3 0.18 0
13.3 0.19 0
13.3 0.2 0
13.3 0.21 0
13.3 0.22 0
13.3 0.23 0
13.3 0.24 0
13.3 0.25 0
13.3 0.26 0
13.3 0.27 0.02
13.3 0.28 0.04
13.3 0.29 0.06
13.3 0.3 0.12
13.3 0.31 0.04
13.3 0.32 0.1
13.3 0.33 0.18
13.3 0.34 0.14
13.3 0.35 0.26
13.3 0.36 0.32
13.3 0.37 0.38
13.3 0.38 0.26
13.3 0.39 0.38
13.3 0.4 0.54
13.3 0.41 0.54
13.3 0.42 0.62
13.3 0.43 0.76
13.3 0.44 0.8
13.3 0.45 0.8
13.3 0.46 0.86
13.3 0.47 0.92
13.3 0.48 0.94
13.3 0.49 0.94
13.3 0.5 0.96
13.3 0.51 0.96
13.3 0.52 0.98
13.3 0.53 0.96
13.3 0.54 0.94
13.3 0.55 0.98
13.3 0.56 1
13.3 0.57 1
13.3 0.58 1
13.3 0.59 1
13.3 0.6 1
13.3 0.61 1
13.3 0.62 1
13.3 0.63 1
13.3 0.64 1
13.3 0.65 1
13.3 0.66 1
13.3 0.67 1
13.3 0.68 1
13.3 0.69 1
13.3 0.7 1
13.3 0.71 1
13.3 0.72 1
13.3 0.73 1
13.3 0.74 1
13.3 0.75 1
13.3 0.76 1
13.3 0.77 1
13.3 0.78 1
13.3 0.79 1
13.3 0.8 1
13.3 0.81 1
13.3 0.82 1
13.3 0.83 1
13.3 0.84 1
13.3 0.85 1
13.3 0.86 1
13.3 0.87 1
13.3 0.88 1
13.3 0.89 1
13.3 0.9 1
13.3 0.91 1
13.3 0.92 1
13.3 0.93 1
13.3 0.94 1
13.3 0.95 1
13.3 0.96 1
13.3 0.97 1
13.3 0.98 1
13.3 0.99 1
13.8 0 0
13.8 0.01 0
13.8 0.02 0
13.8 0.03 0
13.8 0.04 0
13.8 0.05 0
13.8 0.06 0
13.8 0.07 0
13.8 0.08 0
13.8 0.09 0
13.8 0.1 0
13.8 0.11 0
13.8 0.12 0
13.8 0.13 0
13.8 0.14 0
13.8 0.15 0
13.8 0.16 0
13.8 0.17 0
13.8 0.18 0
13.8 0.19 0
13.8 0.2 0
13.8 0.21 0
13.8 0.22 0
13.8 0.23 0
13.8 0.24 0.04
13.8 0.25 0
13.8 0.26 0.02
13.8 0.27 0.02
13.8 0.28 0.04
13.8 0.29 0.04
13.8 0.3 0.06
13.8 0.31 0.06
13.8 0.32 0.1
13.8 0.33 0.18
13.8 0.34 0.16
13.8 0.35 0.18
13.8 0.36 0.2
13.8 0.37 0.28
13.8 0.38 0.36
13.8 0.39 0.38
13.8 0.4 0.48
13.8 0.41 0.62
13.8 0.42 0.7
13.8 0.43 0.7
13.8 0.44 0.74
13.8 0.45 0.92
13.8 0.46 0.82
13.8 0.47 0.84
13.8 0.48 0.98
13.8 0.49 0.92
13.8 0.5 1
13.8 0.51 0.92
13.8 0.52 0.96
13.8 0.53 0.98
13.8 0.54 0.96
13.8 0.55 1
13.8 0.56 0.98
13.8 0.57 1
13.8 0.58 0.96
13.8 0.59 1
13.8 0.6 1
13.8 0.61 0.98
13.8 0.62 1
13.8 0.63 1
13.8 0.64 1
13.8 0.65 1
13.8 0.66 1
13.8 0.67 1
13.8 0.68 1
13.8 0.69 1
13.8 0.7 1
13.8 0.71 1
13.8 0.72 1
13.8 0.73 1
13.8 0.74 1
13.8 0.75 1
13.8 0.76 1
13.8 0.77 1
13.8 0.78 1
13.8 0.79 1
13.8 0.8 1
13.8 0.81 1
13.8 0.82 1
13.8 0.83 1
13.8 0.84 1
13.8 0.85 1
13.8 0.86 1
13.8 0.87 1
13.8 0.88 1
13.8 0.89 1
13.8 0.9 1
13.8 0.91 1
13.8 0.92 1
13.8 0.93 1
13.8 0.94 1
13.8 0.95 1
13.8 0.96 1
13.8 0.97 1
13.8 0.98 1
13.8 0.99 1
14.3 0 0
14.3 0.01 0
14.3 0.02 0
14.3 0.03 0
14.3 0.04 0
14.3 0.05 0
14.3 0.06 0
14.3 0.07 0
14.3 0.08 0
14.3 0.09 0
14.3 0.1 0
14.3 0.11 0
14.3 0.12 0
14.3 0.13 0
14.3 0.14 0
14.3 0.15 0
14.3 0.16 0
14.3 0.17 0
14.3 0.18 0
14.3 0.19 0
14.3 0.2 0
14.3 0.21 0
14.3 0.22 0
14.3 0.23 0
14.3 0.24 0
14.3 0.25 0
14.3 0.26 0
14.3 0.27 0
14.3 0.28 0.04
14.3 0.29 0.04
14.3 0.3 0.02
14.3 0.31 0.14
14.3 0.32 0.1
14.3 0.33 0.06
14.3 0.34 0.12
14.3 0.35 0.16
14.3 0.36 0.32
14.3 0.37 0.3
14.3 0.38 0.42
14.3 0.39 0.32
14.3 0.4 0.6
14.3 0.41 0.52
14.3 0.42 0.58
14.3 0.43 0.66
14.3 0.44 0.62
14.3 0.45 0.82
14.3 0.46 0.82
14.3 0.47 0.88
14.3 0.48 0.86
14.3 0.49 0.94
14.3 0.5 0.86
14.3 0.51 0.98
14.3 0.52 0.98
14.3 0.53 0.96
14.3 0.54 0.94
14.3 0.55 1
14.3 0.56 0.98
14.3 0.57 1
14.3 0.58 0.98
14.3 0.59 1
14.3 0.6 1
14.3 0.61 1
14.3 0.62 1
14.3 0.63 1
14.3 0.64 1
14.3 0.65 1
14.3 0.66 1
14.3 0.67 1
14.3 0.68 1
14.3 0.69 1
14.3 0.7 1
14.3 0.71 1
14.3 0.72 1
14.3 0.73 1
14.3 0.74 1
14.3 0.75 1
14.3 0.76 1
14.3 0.77 1
14.3 0.78 1
14.3 0.79 1
14.3 0.8 1
14.3 0.81 1
14.3 0.82 1
14.3 0.83 1
14.3 0.84 1
14.3 0.85 1
14.3 0.86 1
14.3 0.87 1
14.3 0.88 1
14.3 0.89 1
14.3 0.9 1
14.3 0.91 1
14.3 0.92 1
14.3 0.93 1
14.3 0.94 1
14.3 0.95 1
14.3 0.96 1
14.3 0.97 1
14.3 0.98 1
14.3 0.99 1
14.8 0 0
14.8 0.01 0
14.8 0.02 0
14.8 0.03 0
14.8 0.04 0
14.8 0.05 0
14.8 0.06 0
14.8 0.07 0
14.8 0.08 0
14.8 0.09 0
14.8 0.1 0
14.8 0.11 0
14.8 0.12 0
14.8 0.13 0
14.8 0.14 0
14.8 0.15 0
14.8 0.16 0
14.8 0.17 0
14.8 0.18 0
14.8 0.19 0
14.8 0.2 0
14.8 0.21 0.02
14.8 0.22 0
14.8 0.23 0.02
14.8 0.24 0
14.8 0.25 0
14.8 0.26 0.04
14.8 0.27 0
14.8 0.28 0.04
14.8 0.29 0.04
14.8 0.3 0.08
14.8 0.31 0
14.8 0.32 0.1
14.8 0.33 0.1
14.8 0.34 0.1
14.8 0.35 0.16
14.8 0.36 0.3
14.8 0.37 0.26
14.8 0.38 0.34
14.8 0.39 0.36
14.8 0.4 0.36
14.8 0.41 0.48
14.8 0.42 0.5
14.8 0.43 0.66
14.8 0.44 0.66
14.8 0.45 0.84
14.8 0.46 0.82
14.8 0.47 0.82
14.8 0.48 0.88
14.8 0.49 0.94
14.8 0.5 0.9
14.8 0.51 0.86
14.8 0.52 0.98
14.8 0.53 0.98
14.8 0.54 0.94
14.8 0.55 0.96
14.8 0.56 1
14.8 0.57 0.98
14.8 0.58 1
14.8 0.59 0.96
14.8 0.6 0.98
14.8 0.61 1
14.8 0.62 0.98
14.8 0.63 1
14.8 0.64 0.98
14.8 0.65 0.98
14.8 0.66 1
14.8 0.67 1
14.8 0.68 1
14.8 0.69 1
14.8 0.7 1
14.8 0.71 1
14.8 0.72 1
14.8 0.73 1
14.8 0.74 1
14.8 0.75 1
14.8 0.76 1
14.8 0.77 1
14.8 0.78 1
14.8 0.79 1
14.8 0.8 1
14.8 0.81 1
14.8 0.82 1
14.8 0.83 1
14.8 0.84 1
14.8 0.85 1
14.8 0.86 1
14.8 0.87 1
14.8 0.88 1
14.8 0.89 1
14.8 0.9 1
14.8 0.91 1
14.8 0.92 1
14.8 0.93 1
14.8 0.94 1
14.8 0.95 1
14.8 0.96 1
14.8 0.97 1
14.8 0.98 1
14.8 0.99 1
15.3 0 0
15.3 0.01 0
15.3 0.02 0
15.3 0.03 0
15.3 0.04 0
15.3 0.05 0
15.3 0.06 0
15.3 0.07 0
15.3 0.08 0
15.3 0.09 0
15.3 0.1 0
15.3 0.11 0
15.3 0.12 0
15.3 0.13 0
15.3 0.14 0
15.3 0.15 0
15.3 0.16 0
15.3 0.17 0
15.3 0.18 0
15.3 0.19 0.02
15.3 0.2 0
15.3 0.21 0
15.3 0.22 0.02
15.3 0.23 0
15.3 0.24 0.02
15.3 0.25 0
15.3 0.26 0.04
15.3 0.27 0
15.3 0.28 0.04
15.3 0.29 0
15.3 0.3 0.02
15.3 0.31 0
15.3 0.32 0.06
15.3 0.33 0.16
15.3 0.34 0.14
15.3 0.35 0.2
15.3 0.36 0.24
15.3 0.37 0.26
15.3 0.38 0.28
15.3 0.39 0.32
15.3 0.4 0.34
15.3 0.41 0.48
15.3 0.42 0.54
15.3 0.43 0.56
15.3 0.44 0.68
15.3 0.45 0.66
15.3 0.46 0.72
15.3 0.47 0.76
15.3 0.48 0.8
15.3 0.49 0.88
15.3 0.5 0.86
15.3 0.51 0.9
15.3 0.52 0.94
15.3 0.53 0.98
15.3 0.54 0.96
15.3 0.55 0.94
15.3 0.56 0.96
15.3 0.57 0.96
15.3 0.58 0.96
15.3 0.59 1
15.3 0.6 1
15.3 0.61 0.98
15.3 0.62 1
15.3 0.63 1
15.3 0.64 1
15.3 0.65 1
15.3 0.66 1
15.3 0.67 1
15.3 0.68 0.98
15.3 0.69 1
15.3 0.7 1
15.3 0.71 1
15.3 0.72 1
15.3 0.73 1
15.3 0.74 1
15.3 0.75 1
15.3 0.76 1
15.3 0.77 1
15.3 0.78 1
15.3 0.79 1
15.3 0.8 1
15.3 0.81 1
15.3 0.82 1
15.3 0.83 1
15.3 0.84 1
15.3 0.85 1
15.3 0.86 1
15.3 0.87 1
15.3 0.88 1
15.3 0.89 1
15.3 0.9 1
15.3 0.91 1
15.3 0.92 1
15.3 0.93 1
15.3 0.94 1
15.3 0.95 1
15.3 0.96 1
15.3 0.97 1
15.3 0.98 1
15.3 0.99 1
15.8 0 0
15.8 0.01 0
15.8 0.02 0
15.8 0.03 0
15.8 0.04 0
15.8 0.05 0
15.8 0.06 0
15.8 0.07 0
15.8 0.08 0
15.8 0.09 0
15.8 0.1 0
15.8 0.11 0
15.8 0.12 0
15.8 0.13 0
15.8 0.14 0
15.8 0.15 0
15.8 0.16 0
15.8 0.17 0
15.8 0.18 0
15.8 0.19 0
15.8 0.2 0
15.8 0.21 0
15.8 0.22 0
15.8 0.23 0.02
15.8 0.24 0.04
15.8 0.25 0.02
15.8 0.26 0
15.8 0.27 0
15.8 0.28 0.02
15.8 0.29 0.02
15.8 0.3 0.04
15.8 0.31 0.1
15.8 0.32 0.08
15.8 0.33 0.16
15.8 0.34 0.08
15.8 0.35 0.24
15.8 0.36 0.1
15.8 0.37 0.2
15.8 0.38 0.22
15.8 0.39 0.34
15.8 0.4 0.32
15.8 0.41 0.32
15.8 0.42 0.5
15.8 0.43 0.56
15.8 0.44 0.5
15.8 0.45 0.54
15.8 0.46 0.62
15.8 0.47 0.78
15.8 0.48 0.82
15.8 0.49 0.84
15.8 0.5 0.74
15.8 0.51 0.96
15.8 0.52 0.88
15.8 0.53 0.96
15.8 0.54 0.9
15.8 0.55 0.94
15.8 0.56 0.94
15.8 0.57 0.92
15.8 0.58 0.96
15.8 0.59 1
15.8 0.6 0.98
15.8 0.61 1
15.8 0.62 1
15.8 0.63 0.98
15.8 0.64 1
15.8 0.65 1
15.8 0.66 1
15.8 0.67 1
15.8 0.68 1
15.8 0.69 1
15.8 0.7 1
15.8 0.71 0.98
15.8 0.72 1
15.8 0.73 1
15.8 0.74 0.98
15.8 0.75 1
15.8 0.76 1
15.8 0.77 1
15.8 0.78 1
15.8 0.79 1
15.8 0.8 1
15.8 0.81 1
15.8 0.82 1
15.8 0.83 1
15.8 0.84 1
15.8 0.85 1
15.8 0.86 1
15.8 0.87 1
15.8 0.88 1
15.8 0.89 1
15.8 0.9 1
15.8 0.91 1
15.8 0.92 1
15.8 0.93 1
15.8 0.94 1
15.8 0.95 1
15.8 0.96 1
15.8 0.97 1
15.8 0.98 1
15.8 0.99 1
16.3 0 0
16.3 0.01 0
16.3 0.02 0
16.3 0.03 0
16.3 0.04 0
16.3 0.05 0
16.3 0.06 0
16.3 0.07 0
16.3 0.08 0
16.3 0.09 0
16.3 0.1 0
16.3 0.11 0
16.3 0.12 0
16.3 0.13 0
16.3 0.14 0
16.3 0.15 0
16.3 0.16 0
16.3 0.17 0.02
16.3 0.18 0
16.3 0.19 0
16.3 0.2 0
16.3 0.21 0
16.3 0.22 0
16.3 0.23 0
16.3 0.24 0
16.3 0.25 0.02
16.3 0.26 0.02
16.3 0.27 0
16.3 0.28 0.02
16.3 0.29 0.04
16.3 0.3 0.02
16.3 0.31 0
16.3 0.32 0.04
16.3 0.33 0.18
16.3 0.34 0.14
16.3 0.35 0.06
16.3 0.36 0.1
16.3 0.37 0.2
16.3 0.38 0.16
16.3 0.39 0.22
16.3 0.4 0.3
16.3 0.41 0.38
16.3 0.42 0.46
16.3 0.43 0.46
16.3 0.44 0.52
16.3 0.45 0.64
16.3 0.46 0.66
16.3 0.47 0.64
16.3 0.48 0.76
16.3 0.49 0.78
16.3 0.5 0.86
16.3 0.51 0.88
16.3 0.52 0.76
16.3 0.53 0.96
16.3 0.54 0.98
16.3 0.55 0.92
16.3 0.56 0.88
16.3 0.57 0.92
16.3 0.58 0.94
16.3 0.59 0.98
16.3 0.6 0.96
16.3 0.61 0.98
16.3 0.62 0.98
16.3 0.63 0.96
16.3 0.64 1
16.3 0.65 0.98
16.3 0.66 0.98
16.3 0.67 0.98
16.3 0.68 0.98
16.3 0.69 1
16.3 0.7 0.96
16.3 0.71 1
16.3 0.72 0.98
16.3 0.73 1
16.3 0.74 1
16.3 0.75 1
16.3 0.76 1
16.3 0.77 1
16.3 0.78 1
16.3 0.79 1
16.3 0.8 1
16.3 0.81 1
16.3 0.82 1
16.3 0.83 1
16.3 0.84 1
16.3 0.85 1
16.3 0.86 1
16.3 0.87 1
16.3 0.88 1
16.3 0.89 1
16.3 0.9 1
16.3 0.91 1
16.3 0.92 1
16.3 0.93 1
16.3 0.94 1
16.3 0.95 1
16.3 0.96 1
16.3 0.97 1
16.3 0.98 1
16.3 0.99 1
16.8 0 0
16.8 0.01 0
16.8 0.02 0
16.8 0.03 0
16.8 0.04 0
16.8 0.05 0
16.8 0.06 0
16.8 0.07 0
16.8 0.08 0
16.8 0.09 0
16.8 0.1 0
16.8 0.11 0
16.8 0.12 0
16.8 0.13 0
16.8 0.14 0
16.8 0.15 0
16.8 0.16 0
16.8 0.17 0
16.8 0.18 0
16.8 0.19 0
16.8 0.2 0
16.8 0.21 0
16.8 0.22 0.02
16.8 0.23 0
16.8 0.24 0
16.8 0.25 0
16.8 0.26 0.02
16.8 0.27 0
16.8 0.28 0
16.8 0.29 0.02
16.8 0.3 0.02
16.8 0.31 0.02
16.8 0.32 0.06
16.8 0.33 0.08
16.8 0.34 0.02
16.8 0.35 0.02
16.8 0.36 0.12
16.8 0.37 0.12
16.8 0.38 0.14
16.8 0.39 0.28
16.8 0.4 0.26
16.8 0.41 0.22
16.8 0.42 0.36
16.8 0.43 0.3
16.8 0.44 0.52
16.8 0.45 0.52
16.8 0.46 0.44
16.8 0.47 0.68
16.8 0.48 0.68
16.8 0.49 0.74
16.8 0.5 0.78
16.8 0.51 0.82
16.8 0.52 0.82
16.8 0.53 0.92
16.8 0.54 0.9
16.8 0.55 0.88
16.8 0.56 0.94
16.8 0.57 0.98
16.8 0.58 0.94
16.8 0.59 0.98
16.8 0.6 0.96
16.8 0.61 0.98
16.8 0.62 0.98
16.8 0.63 0.98
16.8 0.64 0.98
16.8 0.65 1
16.8 0.66 0.96
16.8 0.67 1
16.8 0.68 1
16.8 0.69 1
16.8 0.7 0.98
16.8 0.71 1
16.8 0.72 1
16.8 0.73 1
16.8 0.74 1
16.8 0.75 0.98
16.8 0.76 1
16.8 0.77 1
16.8 0.78 1
16.8 0.79 1
16.8 0.8 1
16.8 0.81 1
16.8 0.82 1
16.8 0.83 1
16.8 0.84 1
16.8 0.85 1
16.8 0.86 1
16.8 0.87 1
16.8 0.88 1
16.8 0.89 1
16.8 0.9 1
16.8 0.91 1
16.8 0.92 1
16.8 0.93 1
16.8 0.94 1
16.8 0.95 1
16.8 0.96 1
16.8 0.97 1
16.8 0.98 1
16.8 0.99 1
17.3 0 0
17.3 0.01 0
17.3 0.02 0
17.3 0.03 0
17.3 0.04 0
17.3 0.05 0
17.3 0.06 0
17.3 0.07 0
17.3 0.08 0
17.3 0.09 0
17.3 0.1 0
17.3 0.11 0
17.3 0.12 0
17.3 0.13 0
17.3 0.14 0
17.3 0.15 0
17.3 0.16 0
17.3 0.17 0.02
17.3 0.18 0
17.3 0.19 0
17.3 0.2 0
17.3 0.21 0
17.3 0.22 0
17.3 0.23 0
17.3 0.24 0.02
17.3 0.25 0
17.3 0.26 0
17.3 0.27 0
17.3 0.28 0
17.3 0.29 0.02
17.3 0.3 0
17.3 0.31 0.06
17.3 0.32 0
17.3 0.33 0.04
17.3 0.34 0.12
17.3 0.35 0.08
17.3 0.36 0.06
17.3 0.37 0.06
17.3 0.38 0.22
17.3 0.39 0.2
17.3 0.4 0.18
17.3 0.41 0.22
17.3 0.42 0.36
17.3 0.43 0.26
17.3 0.44 0.44
17.3 0.45 0.58
17.3 0.46 0.4
17.3 0.47 0.48
17.3 0.48 0.52
17.3 0.49 0.68
17.3 0.5 0.84
17.3 0.51 0.8
17.3 0.52 0.86
17.3 0.53 0.78
17.3 0.54 0.88
17.3 0.55 0.9
17.3 0.56 0.86
17.3 0.57 0.92
17.3 0.58 0.94
17.3 0.59 0.98
17.3 0.6 0.92
17.3 0.61 0.98
17.3 0.62 1
17.3 0.63 1
17.3 0.64 1
17.3 0.65 0.96
17.3 0.66 1
17.3 0.67 1
17.3 0.68 1
17.3 0.69 0.98
17.3 0.7 1
17.3 0.71 1
17.3 0.72 1
17.3 0.73 1
17.3 0.74 1
17.3 0.75 1
17.3 0.76 1
17.3 0.77 1
17.3 0.78 1
17.3 0.79 1
17.3 0.8 1
17.3 0.81 1
17.3 0.82 1
17.3 0.83 1
17.3 0.84 1
17.3 0.85 1
17.3 0.86 1
17.3 0.87 1
17.3 0.88 1
17.3 0.89 1
17.3 0.9 1
17.3 0.91 1
17.3 0.92 1
17.3 0.93 1
17.3 0.94 1
17.3 0.95 1
17.3 0.96 1
17.3 0.97 1
17.3 0.98 1
17.3 0.99 1
17.8 0 0
17.8 0.01 0
17.8 0.02 0
17.8 0.03 0
17.8 0.04 0
17.8 0.05 0
17.8 0.06 0
17.8 0.07 0
17.8 0.08 0
17.8 0.09 0
17.8 0.1 0
17.8 0.11 0
17.8 0.12 0
17.8 0.13 0
17.8 0.14 0
17.8 0.15 0
17.8 0.16 0
17.8 0.17 0
17.8 0.18 0
17.8 0.19 0
17.8 0.2 0
17.8 0.21 0
17.8 0.22 0
17.8 0.23 0
17.8 0.24 0.02
17.8 0.25 0.02
17.8 0.26 0
17.8 0.27 0
17.8 0.28 0.02
17.8 0.29 0
17.8 0.3 0.02
17.8 0.31 0
17.8 0.32 0
17.8 0.33 0.06
17.8 0.34 0.06
17.8 0.35 0.04
17.8 0.36 0.06
17.8 0.37 0.08
17.8 0.38 0.14
17.8 0.39 0.12
17.8 0.4 0.1
17.8 0.41 0.14
17.8 0.42 0.14
17.8 0.43 0.18
17.8 0.44 0.36
17.8 0.45 0.36
17.8 0.46 0.46
17.8 0.47 0.5
17.8 0.48 0.6
17.8 0.49 0.6
17.8 0.5 0.7
17.8 0.51 0.76
17.8 0.52 0.76
17.8 0.53 0.84
17.8 0.54 0.92
17.8 0.55 0.72
17.8 0.56 0.8
17.8 0.57 0.92
17.8 0.58 0.88
17.8 0.59 0.98
17.8 0.6 0.96
17.8 0.61 1
17.8 0.62 0.98
17.8 0.63 0.98
17.8 0.64 0.96
17.8 0.65 0.98
17.8 0.66 1
17.8 0.67 0.98
17.8 0.68 1
17.8 0.69 0.98
17.8 0.7 1
17.8 0.71 0.98
17.8 0.72 1
17.8 0.73 0.98
17.8 0.74 1
17.8 0.75 1
17.8 0.76 1
17.8 0.77 1
17.8 0.78 1
17.8 0.79 1
17.8 0.8 1
17.8 0.81 1
17.8 0.82 1
17.8 0.83 1
17.8 0.84 1
17.8 0.85 1
17.8 0.86 1
17.8 0.87 1
17.8 0.88 1
17.8 0.89 1
17.8 0.9 1
17.8 0.91 1
17.8 0.92 1
17.8 0.93 1
17.8 0.94 1
17.8 0.95 1
17.8 0.96 1
17.8 0.97 1
17.8 0.98 1
17.8 0.99 1
18.3 0 0
18.3 0.01 0
18.3 0.02 0
18.3 0.03 0
18.3 0.04 0
18.3 0.05 0
18.3 0.06 0
18.3 0.07 0
18.3 0.08 0
18.3 0.09 0
18.3 0.1 0
18.3 0.11 0
18.3 0.12 0
18.3 0.13 0
18.3 0.14 0
18.3 0.15 0
18.3 0.16 0
18.3 0.17 0
18.3 0.18 0
18.3 0.19 0
18.3 0.2 0
18.3 0.21 0
18.3 0.22 0
18.3 0.23 0.02
18.3 0.24 0
18.3 0.25 0
18.3 0.26 0
18.3 0.27 0
18.3 0.28 0
18.3 0.29 0.02
18.3 0.3 0.02
18.3 0.31 0
18.3 0.32 0
18.3 0.33 0.02
18.3 0.34 0.04
18.3 0.35 0.06
18.3 0.36 0.04
18.3 0.37 0.08
18.3 0.38 0.06
18.3 0.39 0.04
18.3 0.4 0.08
18.3 0.41 0.1
18.3 0.42 0.14
18.3 0.43 0.24
18.3 0.44 0.34
18.3 0.45 0.4
18.3 0.46 0.32
18.3 0.47 0.36
18.3 0.48 0.54
18.3 0.49 0.52
18.3 0.5 0.6
18.3 0.51 0.56
18.3 0.52 0.7
18.3 0.53 0.72
18.3 0.54 0.82
18.3 0.55 0.88
18.3 0.56 0.84
18.3 0.57 0.82
18.3 0.58 0.92
18.3 0.59 0.92
18.3 0.6 0.9
18.3 0.61 0.92
18.3 0.62 0.92
18.3 0.63 0.98
18.3 0.64 0.96
18.3 0.65 0.98
18.3 0.66 1
18.3 0.67 0.96
18.3 0.68 0.98
18.3 0.69 0.98
18.3 0.7 1
18.3 0.71 0.98
18.3 0.72 1
18.3 0.73 1
18.3 0.74 1
18.3 0.75 1
18.3 0.76 1
18.3 0.77 0.98
18.3 0.78 1
18.3 0.79 1
18.3 0.8 1
18.3 0.81 1
18.3 0.82 1
18.3 0.83 1
18.3 0.84 1
18.3 0.85 1
18.3 0.86 1
18.3 0.87 1
18.3 0.88 1
18.3 0.89 1
18.3 0.9 1
18.3 0.91 1
18.3 0.92 1
18.3 0.93 1
18.3 0.94 1
18.3 0.95 1
18.3 0.96 1
18.3 0.97 1
18.3 0.98 1
18.3 0.99 1
18.8 0 0
18.8 0.01 0
18.8 0.02 0
18.8 0.03 0
18.8 0.04 0
18.8 0.05 0
18.8 0.06 0
18.8 0.07 0
18.8 0.08 0
18.8 0.09 0
18.8 0.1 0
18.8 0.11 0
18.8 0.12 0
18.8 0.13 0
18.8 0.14 0
18.8 0.15 0
18.8 0.16 0
18.8 0.17 0
18.8 0.18 0
18.8 0.19 0
18.8 0.2 0
18.8 0.21 0
18.8 0.22 0
18.8 0.23 0
18.8 0.24 0.02
18.8 0.25 0
18.8 0.26 0
18.8 0.27 0.02
18.8 0.28 0
18.8 0.29 0.02
18.8 0.3 0.04
18.8 0.31 0.02
18.8 0.32 0
18.8 0.33 0
18.8 0.34 0.02
18.8 0.35 0.02
18.8 0.36 0.04
18.8 0.37 0.12
18.8 0.38 0.06
18.8 0.39 0.08
18.8 0.4 0.12
18.8 0.41 0.16
18.8 0.42 0.14
18.8 0.43 0.08
18.8 0.44 0.26
18.8 0.45 0.28
18.8 0.46 0.32
18.8 0.47 0.4
18.8 0.48 0.42
18.8 0.49 0.44
18.8 0.5 0.48
18.8 0.51 0.5
18.8 0.52 0.66
18.8 0.53 0.86
18.8 0.54 0.74
18.8 0.55 0.8
18.8 0.56 0.9
18.8 0.57 0.8
18.8 0.58 0.9
18.8 0.59 0.84
18.8 0.6 0.94
18.8 0.61 0.9
18.8 0.62 0.98
18.8 0.63 0.88
18.8 0.64 0.96
18.8 0.65 0.94
18.8 0.66 1
18.8 0.67 0.94
18.8 0.68 0.98
18.8 0.69 1
18.8 0.7 0.96
18.8 0.71 0.96
18.8 0.72 1
18.8 0.73 1
18.8 0.74 1
18.8 0.75 0.96
18.8 0.76 1
18.8 0.77 1
18.8 0.78 1
18.8 0.79 1
18.8 0.8 1
18.8 0.81 1
18.8 0.82 1
18.8 0.83 1
18.8 0.84 1
18.8 0.85 1
18.8 0.86 1
18.8 0.87 1
18.8 0.88 1
18.8 0.89 1
18.8 0.9 1
18.8 0.91 1
18.8 0.92 1
18.8 0.93 1
18.8 0.94 1
18.8 0.95 1
18.8 0.96 1
18.8 0.97 1
18.8 0.98 1
18.8 0.99 1
19.3 0 0
19.3 0.01 0
19.3 0.02 0
19.3 0.03 0
19.3 0.04 0
19.3 0.05 0
19.3 0.06 0
19.3 0.07 0
19.3 0.08 0
19.3 0.09 0
19.3 0.1 0
19.3 0.11 0
19.3 0.12 0
19.3 0.13 0
19.3 0.14 0
19.3 0.15 0
19.3 0.16 0
19.3 0.17 0
19.3 0.18 0
19.3 0.19 0
19.3 0.2 0
19.3 0.21 0
19.3 0.22 0
19.3 0.23 0
19.3 0.24 0
19.3 0.25 0
19.3 0.26 0.02
19.3 0.27 0
19.3 0.28 0
19.3 0.29 0
19.3 0.3 0.02
19.3 0.31 0
19.3 0.32 0
19.3 0.33 0.02
19.3 0.34 0
19.3 0.35 0.02
19.3 0.36 0.02
19.3 0.37 0.04
19.3 0.38 0.04
19.3 0.39 0.12
19.3 0.4 0.12
19.3 0.41 0.12
19.3 0.42 0.2
19.3 0.43 0.2
19.3 0.44 0.24
19.3 0.45 0.3
19.3 0.46 0.38
19.3 0.47 0.34
19.3 0.48 0.46
19.3 0.49 0.46
19.3 0.5 0.54
19.3 0.51 0.64
19.3 0.52 0.56
19.3 0.53 0.62
19.3 0.54 0.8
19.3 0.55 0.84
19.3 0.56 0.78
19.3 0.57 0.78
19.3 0.58 0.84
19.3 0.59 0.94
19.3 0.6 0.9
19.3 0.61 0.94
19.3 0.62 0.94
19.3 0.63 0.88
19.3 0.64 0.94
19.3 0.65 0.9
19.3 0.66 0.98
19.3 0.67 1
19.3 0.68 0.96
19.3 0.69 1
19.3 0.7 0.94
19.3 0.71 1
19.3 0.72 1
19.3 0.73 0.98
19.3 0.74 1
19.3 0.75 0.98
19.3 0.76 0.98
19.3 0.77 0.98
19.3 0.78 0.98
19.3 0.79 0.98
19.3 0.8 1
19.3 0.81 1
19.3 0.82 1
19.3 0.83 1
19.3 0.84 1
19.3 0.85 1
19.3 0.86 1
19.3 0.87 1
19.3 0.88 1
19.3 0.89 1
19.3 0.9 1
19.3 0.91 1
19.3 0.92 1
19.3 0.93 1
19.3 0.94 1
19.3 0.95 1
19.3 0.96 1
19.3 0.97 1
19.3 0.98 1
19.3 0.99 1
19.8 0 0
19.8 0.01 0
19.8 0.02 0
19.8 0.03 0
19.8 0.04 0
19.8 0.05 0
19.8 0.06 0
19.8 0.07 0
19.8 0.08 0
19.8 0.09 0
19.8 0.1 0
19.8 0.11 0
19.8 0.12 0
19.8 0.13 0
19.8 0.14 0
19.8 0.15 0
19.8 0.16 0
19.8 0.17 0
19.8 0.18 0
19.8 0.19 0
19.8 0.2 0
19.8 0.21 0
19.8 0.22 0
19.8 0.23 0
19.8 0.24 0
19.8 0.25 0
19.8 0.26 0.02
19.8 0.27 0
19.8 0.28 0
19.8 0.29 0
19.8 0.3 0
19.8 0.31 0
19.8 0.32 0
19.8 0.33 0
19.8 0.34 0.02
19.8 0.35 0
19.8 0.36 0
19.8 0.37 0.04
19.8 0.38 0.04
19.8 0.39 0.06
19.8 0.4 0.08
19.8 0.41 0.06
19.8 0.42 0.06
19.8 0.43 0.16
19.8 0.44 0.14
19.8 0.45 0.16
19.8 0.46 0.28
19.8 0.47 0.16
19.8 0.48 0.44
19.8 0.49 0.4
19.8 0.5 0.38
19.8 0.51 0.42
19.8 0.52 0.7
19.8 0.53 0.54
19.8 0.54 0.72
19.8 0.55 0.64
19.8 0.56 0.74
19.8 0.57 0.8
19.8 0.58 0.88
19.8 0.59 0.92
19.8 0.6 0.9
19.8 0.61 0.92
19.8 0.62 0.9
19.8 0.63 0.96
19.8 0.64 0.96
19.8 0.65 0.98
19.8 0.66 0.96
19.8 0.67 1
19.8 0.68 1
19.8 0.69 0.96
19.8 0.7 0.94
19.8 0.71 0.94
19.8 0.72 1
19.8 0.73 1
19.8 0.74 1
19.8 0.75 0.94
19.8 0.76 1
19.8 0.77 1
19.8 0.78 1
19.8 0.79 1
19.8 0.8 0.98
19.8 0.81 1
19.8 0.82 1
19.8 0.83 1
19.8 0.84 1
19.8 0.85 1
19.8 0.86 1
19.8 0.87 1
19.8 0.88 1
19.8 0.89 1
19.8 0.9 1
19.8 0.91 1
19.8 0.92 1
19.8 0.93 1
19.8 0.94 1
19.8 0.95 1
19.8 0.96 1
19.8 0.97 1
19.8 0.98 1
19.8 0.99 1
20.3 0 0
20.3 0.01 0
20.3 0.02 0
20.3 0.03 0
20.3 0.04 0
20.3 0.05 0
20.3 0.06 0
20.3 0.07 0
20.3 0.08 0
20.3 0.09 0
20.3 0.1 0
20.3 0.11 0
20.3 0.12 0
20.3 0.13 0
20.3 0.14 0
20.3 0.15 0
20.3 0.16 0
20.3 0.17 0
20.3 0.18 0
20.3 0.19 0
20.3 0.2 0
20.3 0.21 0
20.3 0.22 0
20.3 0.23 0
20.3 0.24 0
20.3 0.25 0
20.3 0.26 0
20.3 0.27 0
20.3 0.28 0
20.3 0.29 0
20.3 0.3 0
20.3 0.31 0
20.3 0.32 0.02
20.3 0.33 0
20.3 0.34 0.02
20.3 0.35 0.04
20.3 0.36 0.04
20.3 0.37 0.02
20.3 0.38 0.08
20.3 0.39 0.02
20.3 0.4 0.1
20.3 0.41 0.08
20.3 0.42 0.06
20.3 0.43 0.06
20.3 0.44 0.12
20.3 0.45 0.18
20.3 0.46 0.24
20.3 0.47 0.28
20.3 0.48 0.32
20.3 0.49 0.38
20.3 0.5 0.32
20.3 0.51 0.52
20.3 0.52 0.62
20.3 0.53 0.68
20.3 0.54 0.54
20.3 0.55 0.64
20.3 0.56 0.76
20.3 0.57 0.8
20.3 0.58 0.72
20.3 0.59 0.9
20.3 0.6 0.82
20.3 0.61 0.9
20.3 0.62 0.86
20.3 0.63 0.98
20.3 0.64 0.96
20.3 0.65 0.96
20.3 0.66 0.96
20.3 0.67 0.96
20.3 0.68 0.98
20.3 0.69 0.94
20.3 0.7 0.94
20.3 0.71 1
20.3 0.72 1
20.3 0.73 0.92
20.3 0.74 0.98
20.3 0.75 0.98
20.3 0.76 0.98
20.3 0.77 0.98
20.3 0.78 1
20.3 0.79 0.98
20.3 0.8 1
20.3 0.81 1
20.3 0.82 1
20.3 0.83 1
20.3 0.84 1
20.3 0.85 1
20.3 0.86 1
20.3 0.87 1
20.3 0.88 1
20.3 0.89 1
20.3 0.9 1
20.3 0.91 1
20.3 0.92 1
20.3 0.93 1
20.3 0.94 1
20.3 0.95 1
20.3 0.96 1
20.3 0.97 1
20.3 0.98 1
20.3 0.99 1
20.8 0 0
20.8 0.01 0
20.8 0.02 0
20.8 0.03 0
20.8 0.04 0
20.8 0.05 0
20.8 0.06 0
20.8 0.07 0
20.8 0.08 0
20.8 0.09 0
20.8 0.1 0
20.8 0.11 0
20.8 0.12 0
20.8 0.13 0
20.8 0.14 0
20.8 0.15 0
20.8 0.16 0
20.8 0.17 0
20.8 0.18 0
20.8 0.19 0
20.8 0.2 0
20.8 0.21 0
20.8 0.22 0
20.8 0.23 0
20.8 0.24 0
20.8 0.25 0
20.8 0.26 0
20.8 0.27 0
20.8 0.28 0.02
20.8 0.29 0
20.8 0.3 0
20.8 0.31 0.02
20.8 0.32 0.08
20.8 0.33 0.04
20.8 0.34 0
20.8 0.35 0
20.8 0.36 0.02
20.8 0.37 0
20.8 0.38 0.04
20.8 0.39 0.02
20.8 0.4 0.08
20.8 0.41 0.06
20.8 0.42 0.08
20.8 0.43 0.12
20.8 0.44 0.1
20.8 0.45 0.16
20.8 0.46 0.18
20.8 0.47 0.28
20.8 0.48 0.28
20.8 0.49 0.2
20.8 0.5 0.36
20.8 0.51 0.4
20.8 0.52 0.56
20.8 0.53 0.52
20.8 0.54 0.66
20.8 0.55 0.7
20.8 0.56 0.62
20.8 0.57 0.84
20.8 0.58 0.78
20.8 0.59 0.78
20.8 0.6 0.86
20.8 0.61 0.92
20.8 0.62 0.96
20.8 0.63 0.96
20.8 0.64 0.84
20.8 0.65 0.94
20.8 0.66 0.92
20.8 0.67 0.96
20.8 0.68 0.94
20.8 0.69 0.96
20.8 0.7 0.96
20.8 0.71 1
20.8 0.72 1
20.8 0.73 1
20.8 0.74 0.92
20.8 0.75 0.98
20.8 0.76 1
20.8 0.77 1
20.8 0.78 1
20.8 0.79 1
20.8 0.8 0.98
20.8 0.81 1
20.8 0.82 1
20.8 0.83 1
20.8 0.84 1
20.8 0.85 1
20.8 0.86 1
20.8 0.87 1
20.8 0.88 1
20.8 0.89 1
20.8 0.9 1
20.8 0.91 1
20.8 0.92 1
20.8 0.93 1
20.8 0.94 1
20.8 0.95 1
20.8 0.96 1
20.8 0.97 1
20.8 0.98 1
20.8 0.99 1
21.3 0 0
21.3 0.01 0
21.3 0.02 0
21.3 0.03 0
21.3 0.04 0
21.3 0.05 0
21.3 0.06 0
21.3 0.07 0
21.3 0.08 0
21.3 0.09 0
21.3 0.1 0
21.3 0.11 0
21.3 0.12 0
21.3 0.13 0
21.3 0.14 0
21.3 0.15 0
21.3 0.16 0
21.3 0.17 0
21.3 0.18 0
21.3 0.19 0
21.3 0.2 0
21.3 0.21 0
21.3 0.22 0
21.3 0.23 0
21.3 0.24 0
21.3 0.25 0
21.3 0.26 0
21.3 0.27 0
21.3 0.28 0
21.3 0.29 0.02
21.3 0.3 0
21.3 0.31 0
21.3 0.32 0
21.3 0.33 0
21.3 0.34 0
21.3 0.35 0.02
21.3 0.36 0
21.3 0.37 0.06
21.3 0.38 0.1
21.3 0.39 0.08
21.3 0.4 0.06
21.3 0.41 0.16
21.3 0.42 0.1
21.3 0.43 0.02
21.3 0.44 0.1
21.3 0.45 0.18
21.3 0.46 0.12
21.3 0.47 0.22
21.3 0.48 0.26
21.3 0.49 0.24
21.3 0.5 0.42
21.3 0.51 0.52
21.3 0.52 0.42
21.3 0.53 0.54
21.3 0.54 0.6
21.3 0.55 0.6
21.3 0.56 0.7
21.3 0.57 0.72
21.3 0.58 0.88
21.3 0.59 0.86
21.3 0.6 0.76
21.3 0.61 0.88
21.3 0.62 0.8
21.3 0.63 0.92
21.3 0.64 0.96
21.3 0.65 0.96
21.3 0.66 0.88
21.3 0.67 0.96
21.3 0.68 0.98
21.3 0.69 0.94
21.3 0.7 0.96
21.3 0.71 0.98
21.3 0.72 0.98
21.3 0.73 0.96
21.3 0.74 0.98
21.3 0.75 1
21.3 0.76 0.96
21.3 0.77 1
21.3 0.78 0.98
21.3 0.79 1
21.3 0.8 0.98
21.3 0.81 1
21.3 0.82 1
21.3 0.83 0.98
21.3 0.84 1
21.3 0.85 1
21.3 0.86 1
21.3 0.87 1
21.3 0.88 1
21.3 0.89 1
21.3 0.9 1
21.3 0.91 1
21.3 0.92 1
21.3 0.93 1
21.3 0.94 1
21.3 0.95 1
21.3 0.96 1
21.3 0.97 1
21.3 0.98 1
21.3 0.99 1
21.8 0 0
21.8 0.01 0
21.8 0.02 0
21.8 0.03 0
21.8 0.04 0
21.8 0.05 0
21.8 0.06 0
21.8 0.07 0
21.8 0.08 0
21.8 0.09 0
21.8 0.1 0
21.8 0.11 0
21.8 0.12 0
21.8 0.13 0
21.8 0.14 0
21.8 0.15 0
21.8 0.16 0
21.8 0.17 0
21.8 0.18 0
21.8 0.19 0
21.8 0.2 0
21.8 0.21 0
21.8 0.22 0
21.8 0.23 0
21.8 0.24 0
21.8 0.25 0
21.8 0.26 0
21.8 0.27 0
21.8 0.28 0
21.8 0.29 0
21.8 0.3 0
21.8 0.31 0
21.8 0.32 0.02
21.8 0.33 0
21.8 0.34 0
21.8 0.35 0.04
21.8 0.36 0.02
21.8 0.37 0.04
21.8 0.38 0
21.8 0.39 0
21.8 0.4 0.04
21.8 0.41 0.02
21.8 0.42 0.06
21.8 0.43 0.06
21.8 0.44 0.14
21.8 0.45 0.18
21.8 0.46 0.16
21.8 0.47 0.24
21.8 0.48 0.34
21.8 0.49 0.28
21.8 0.5 0.34
21.8 0.51 0.32
21.8 0.52 0.46
21.8 0.53 0.52
21.8 0.54 0.72
21.8 0.55 0.62
21.8 0.56 0.66
21.8 0.57 0.56
21.8 0.58 0.78
21.8 0.59 0.82
21.8 0.6 0.72
21.8 0.61 0.72
21.8 0.62 0.94
21.8 0.63 0.88
21.8 0.64 0.88
21.8 0.65 0.88
21.8 0.66 1
21.8 0.67 0.98
21.8 0.68 0.96
21.8 0.69 0.92
21.8 0.7 0.94
21.8 0.71 0.94
21.8 0.72 1
21.8 0.73 1
21.8 0.74 0.98
21.8 0.75 0.98
21.8 0.76 1
21.8 0.77 1
21.8 0.78 0.98
21.8 0.79 0.96
21.8 0.8 1
21.8 0.81 0.98
21.8 0.82 1
21.8 0.83 1
21.8 0.84 0.98
21.8 0.85 1
21.8 0.86 1
21.8 0.87 1
21.8 0.88 1
21.8 0.89 1
21.8 0.9 1
21.8 0.91 1
21.8 0.92 1
21.8 0.93 1
21.8 0.94 1
21.8 0.95 1
21.8 0.96 1
21.8 0.97 1
21.8 0.98 1
21.8 0.99 1
22.3 0 0
22.3 0.01 0
22.3 0.02 0
22.3 0.03 0
22.3 0.04 0
22.3 0.05 0
22.3 0.06 0
22.3 0.07 0
22.3 0.08 0
22.3 0.09 0
22.3 0.1 0
22.3 0.11 0
22.3 0.12 0
22.3 0.13 0
22.3 0.14 0
22.3 0.15 0
22.3 0.16 0
22.3 0.17 0
22.3 0.18 0
22.3 0.19 0
22.3 0.2 0
22.3 0.21 0
22.3 0.22 0
22.3 0.23 0
22.3 0.24 0
22.3 0.25 0
22.3 0.26 0
22.3 0.27 0.02
22.3 0.28 0
22.3 0.29 0
22.3 0.3 0
22.3 0.31 0
22.3 0.32 0
22.3 0.33 0
22.3 0.34 0
22.3 0.35 0.04
22.3 0.36 0.04
22.3 0.37 0.02
22.3 0.38 0.04
22.3 0.39 0.1
22.3 0.4 0
22.3 0.41 0.06
22.3 0.42 0.04
22.3 0.43 0.04
22.3 0.44 0.1
22.3 0.45 0.14
22.3 0.46 0.1
22.3 0.47 0.16
22.3 0.48 0.24
22.3 0.49 0.22
22.3 0.5 0.38
22.3 0.51 0.32
22.3 0.52 0.34
22.3 0.53 0.56
22.3 0.54 0.54
22.3 0.55 0.66
22.3 0.56 0.54
22.3 0.57 0.64
22.3 0.58 0.78
22.3 0.59 0.7
22.3 0.6 0.88
22.3 0.61 0.68
22.3 0.62 0.82
22.3 0.63 0.86
22.3 0.64 0.9
22.3 0.65 0.9
22.3 0.66 0.86
22.3 0.67 0.9
22.3 0.68 0.9
22.3 0.69 0.98
22.3 0.7 0.92
22.3 0.71 0.92
22.3 0.72 0.92
22.3 0.73 0.92
22.3 0.74 0.96
22.3 0.75 1
22.3 0.76 0.94
22.3 0.77 0.98
22.3 0.78 0.98
22.3 0.79 0.96
22.3 0.8 1
22.3 0.81 0.96
22.3 0.82 1
22.3 0.83 1
22.3 0.84 0.98
22.3 0.85 1
22.3 0.86 1
22.3 0.87 1
22.3 0.88 1
22.3 0.89 1
22.3 0.9 1
22.3 0.91 1
22.3 0.92 1
22.3 0.93 1
22.3 0.94 1
22.3 0.95 1
22.3 0.96 1
22.3 0.97 1
22.3 0.98 1
22.3 0.99 1
22.8 0 0
22.8 0.01 0
22.8 0.02 0
22.8 0.03 0
22.8 0.04 0
22.8 0.05 0
22.8 0.06 0
22.8 0.07 0
22.8 0.08 0
22.8 0.09 0
22.8 0.1 0
22.8 0.11 0
22.8 0.12 0
22.8 0.13 0
22.8 0.14 0
22.8 0.15 0
22.8 0.16 0
22.8 0.17 0
22.8 0.18 0
22.8 0.19 0
22.8 0.2 0
22.8 0.21 0
22.8 0.22 0
22.8 0.23 0
22.8 0.24 0
22.8 0.25 0
22.8 0.26 0
22.8 0.27 0.04
22.8 0.28 0
22.8 0.29 0
22.8 0.3 0
22.8 0.31 0
22.8 0.32 0
22.8 0.33 0.04
22.8 0.34 0.02
22.8 0.35 0
22.8 0.36 0.04
22.8 0.37 0.04
22.8 0.38 0.04
22.8 0.39 0
22.8 0.4 0.02
22.8 0.41 0
22.8 0.42 0.12
22.8 0.43 0.08
22.8 0.44 0.04
22.8 0.45 0.12
22.8 0.46 0.12
22.8 0.47 0.2
22.8 0.48 0.18
22.8 0.49 0.36
22.8 0.5 0.46
22.8 0.51 0.5
22.8 0.52 0.28
22.8 0.53 0.46
22.8 0.54 0.54
22.8 0.55 0.5
22.8 0.56 0.72
22.8 0.57 0.64
22.8 0.58 0.78
22.8 0.59 0.74
22.8 0.6 0.8
22.8 0.61 0.78
22.8 0.62 0.9
22.8 0.63 0.84
22.8 0.64 0.88
22.8 0.65 0.88
22.8 0.66 0.9
22.8 0.67 0.98
22.8 0.68 0.94
22.8 0.69 0.94
22.8 0.7 0.94
22.8 0.71 0.94
22.8 0.72 0.98
22.8 0.73 0.96
22.8 0.74 0.92
22.8 0.75 0.96
22.8 0.76 0.98
22.8 0.77 0.96
22.8 0.78 0.94
22.8 0.79 0.98
22.8 0.8 0.98
22.8 0.81 1
22.8 0.82 0.94
22.8 0.83 1
22.8 0.84 1
22.8 0.85 1
22.8 0.86 1
22.8 0.87 1
22.8 0.88 1
22.8 0.89 1
22.8 0.9 1
22.8 0.91 1
22.8 0.92 1
22.8 0.93 1
22.8 0.94 1
22.8 0.95 1
22.8 0.96 1
22.8 0.97 1
22.8 0.98 1
22.8 0.99 1
23.3 0 0
23.3 0.01 0
23.3 0.02 0
23.3 0.03 0
23.3 0.04 0
23.3 0.05 0
23.3 0.06 0
23.3 0.07 0
23.3 0.08 0
23.3 0.09 0
23.3 0.1 0
23.3 0.11 0
23.3 0.12 0
23.3 0.13 0
23.3 0.14 0
23.3 0.15 0
23.3 0.16 0
23.3 0.17 0
23.3 0.18 0
23.3 0.19 0
23.3 0.2 0
23.3 0.21 0
23.3 0.22 0
23.3 0.23 0
23.3 0.24 0
23.3 0.25 0
23.3 0.26 0
23.3 0.27 0
23.3 0.28 0.02
23.3 0.29 0
23.3 0.3 0
23.3 0.31 0.02
23.3 0.32 0
23.3 0.33 0
23.3 0.34 0
23.3 0.35 0.02
23.3 0.36 0.02
23.3 0.37 0.02
23.3 0.38 0.02
23.3 0.39 0.02
23.3 0.4 0.04
23.3 0.41 0.02
23.3 0.42 0.04
23.3 0.43 0
23.3 0.44 0.02
23.3 0.45 0.06
23.3 0.46 0.08
23.3 0.47 0.16
23.3 0.48 0.1
23.3 0.49 0.24
23.3 0.5 0.32
23.3 0.51 0.32
23.3 0.52 0.46
23.3 0.53 0.48
23.3 0.54 0.44
23.3 0.55 0.44
23.3 0.56 0.56
23.3 0.57 0.76
23.3 0.58 0.74
23.3 0.59 0.64
23.3 0.6 0.78
23.3 0.61 0.76
23.3 0.62 0.82
23.3 0.63 0.8
23.3 0.64 0.82
23.3 0.65 0.9
23.3 0.66 0.94
23.3 0.67 0.92
23.3 0.68 0.9
23.3 0.69 0.92
23.3 0.7 0.96
23.3 0.71 0.92
23.3 0.72 0.94
23.3 0.73 0.94
23.3 0.74 0.98
23.3 0.75 0.92
23.3 0.76 0.98
23.3 0.77 1
23.3 0.78 1
23.3 0.79 0.98
23.3 0.8 1
23.3 0.81 1
23.3 0.82 0.98
23.3 0.83 0.98
23.3 0.84 0.98
23.3 0.85 1
23.3 0.86 1
23.3 0.87 0.98
23.3 0.88 1
23.3 0.89 1
23.3 0.9 1
23.3 0.91 1
23.3 0.92 1
23.3 0.93 1
23.3 0.94 1
23.3 0.95 1
23.3 0.96 1
23.3 0.97 1
23.3 0.98 1
23.3 0.99 1
23.8 0 0
23.8 0.01 0
23.8 0.02 0
23.8 0.03 0
23.8 0.04 0
23.8 0.05 0
23.8 0.06 0
23.8 0.07 0
23.8 0.08 0
23.8 0.09 0
23.8 0.1 0
23.8 0.11 0
23.8 0.12 0
23.8 0.13 0
23.8 0.14 0
23.8 0.15 0
23.8 0.16 0
23.8 0.17 0
23.8 0.18 0
23.8 0.19 0
23.8 0.2 0
23.8 0.21 0
23.8 0.22 0
23.8 0.23 0
23.8 0.24 0
23.8 0.25 0
23.8 0.26 0
23.8 0.27 0
23.8 0.28 0
23.8 0.29 0
23.8 0.3 0
23.8 0.31 0
23.8 0.32 0.02
23.8 0.33 0
23.8 0.34 0
23.8 0.35 0
23.8 0.36 0
23.8 0.37 0.02
23.8 0.38 0.02
23.8 0.39 0
23.8 0.4 0
23.8 0.41 0.02
23.8 0.42 0.02
23.8 0.43 0.1
23.8 0.44 0.02
23.8 0.45 0.02
23.8 0.46 0.06
23.8 0.47 0.08
23.8 0.48 0.16
23.8 0.49 0.14
23.8 0.5 0.3
23.8 0.51 0.24
23.8 0.52 0.34
23.8 0.53 0.42
23.8 0.54 0.46
23.8 0.55 0.52
23.8 0.56 0.56
23.8 0.57 0.58
23.8 0.58 0.66
23.8 0.59 0.66
23.8 0.6 0.64
23.8 0.61 0.82
23.8 0.62 0.76
23.8 0.63 0.76
23.8 0.64 0.8
23.8 0.65 0.86
23.8 0.66 0.98
23.8 0.67 0.96
23.8 0.68 0.98
23.8 0.69 0.94
23.8 0.7 1
23.8 0.71 0.92
23.8 0.72 0.94
23.8 0.73 0.94
23.8 0.74 0.92
23.8 0.75 0.92
23.8 0.76 0.92
23.8 0.77 0.92
23.8 0.78 1
23.8 0.79 1
23.8 0.8 0.96
23.8 0.81 0.96
23.8 0.82 0.98
23.8 0.83 0.98
23.8 0.84 1
23.8 0.85 0.98
23.8 0.86 1
23.8 0.87 1
23.8 0.88 1
23.8 0.89 1
23.8 0.9 1
23.8 0.91 1
23.8 0.92 1
23.8 0.93 1
23.8 0.94 1
23.8 0.95 1
23.8 0.96 1
23.8 0.97 1
23.8 0.98 1
23.8 0.99 1
24.3 0 0
24.3 0.01 0
24.3 0.02 0
24.3 0.03 0
24.3 0.04 0
24.3 0.05 0
24.3 0.06 0
24.3 0.07 0
24.3 0.08 0
24.3 0.09 0
24.3 0.1 0
24.3 0.11 0
24.3 0.12 0
24.3 0.13 0
24.3 0.14 0
24.3 0.15 0
24.3 0.16 0
24.3 0.17 0
24.3 0.18 0
24.3 0.19 0
24.3 0.2 0
24.3 0.21 0
24.3 0.22 0
24.3 0.23 0
24.3 0.24 0
24.3 0.25 0
24.3 0.26 0
24.3 0.27 0
24.3 0.28 0
24.3 0.29 0
24.3 0.3 0
24.3 0.31 0
24.3 0.32 0
24.3 0.33 0.02
24.3 0.34 0.02
24.3 0.35 0.02
24.3 0.36 0
24.3 0.37 0.04
24.3 0.38 0
24.3 0.39 0.02
24.3 0.4 0.04
24.3 0.41 0.04
24.3 0.42 0.02
24.3 0.43 0.04
24.3 0.44 0
24.3 0.45 0.06
24.3 0.46 0.06
24.3 0.47 0.1
24.3 0.48 0.04
24.3 0.49 0.14
24.3 0.5 0.16
24.3 0.51 0.32
24.3 0.52 0.22
24.3 0.53 0.32
24.3 0.54 0.42
24.3 0.55 0.56
24.3 0.56 0.42
24.3 0.57 0.64
24.3 0.58 0.68
24.3 0.59 0.68
24.3 0.6 0.68
24.3 0.61 0.78
24.3 0.62 0.74
24.3 0.63 0.88
24.3 0.64 0.78
24.3 0.65 0.88
24.3 0.66 0.96
24.3 0.67 0.94
24.3 0.68 0.94
24.3 0.69 0.9
24.3 0.7 0.96
24.3 0.71 0.9
24.3 0.72 0.92
24.3 0.73 0.98
24.3 0.74 0.98
24.3 0.75 0.94
24.3 0.76 0.96
24.3 0.77 1
24.3 0.78 0.98
24.3 0.79 0.96
24.3 0.8 1
24.3 0.81 0.98
24.3 0.82 0.98
24.3 0.83 0.98
24.3 0.84 0.98
24.3 0.85 1
24.3 0.86 0.98
24.3 0.87 1
24.3 0.88 1
24.3 0.89 1
24.3 0.9 1
24.3 0.91 1
24.3 0.92 1
24.3 0.93 1
24.3 0.94 1
24.3 0.95 1
24.3 0.96 1
24.3 0.97 1
24.3 0.98 1
24.3 0.99 1
24.8 0 0
24.8 0.01 0
24.8 0.02 0
24.8 0.03 0
24.8 0.04 0
24.8 0.05 0
24.8 0.06 0
24.8 0.07 0
24.8 0.08 0
24.8 0.09 0
24.8 0.1 0
24.8 0.11 0
24.8 0.12 0
24.8 0.13 0
24.8 0.14 0
24.8 0.15 0
24.8 0.16 0
24.8 0.17 0
24.8 0.18 0
24.8 0.19 0
24.8 0.2 0
24.8 0.21 0
24.8 0.22 0
24.8 0.23 0
24.8 0.24 0
24.8 0.25 0
24.8 0.26 0
24.8 0.27 0
24.8 0.28 0
24.8 0.29 0
24.8 0.3 0
24.8 0.31 0.02
24.8 0.32 0
24.8 0.33 0
24.8 0.34 0
24.8 0.35 0
24.8 0.36 0
24.8 0.37 0.02
24.8 0.38 0.02
24.8 0.39 0
24.8 0.4 0.04
24.8 0.41 0.04
24.8 0.42 0
24.8 0.43 0.02
24.8 0.44 0.1
24.8 0.45 0.06
24.8 0.46 0.04
24.8 0.47 0.12
24.8 0.48 0.14
24.8 0.49 0.06
24.8 0.5 0.18
24.8 0.51 0.22
24.8 0.52 0.38
24.8 0.53 0.2
24.8 0.54 0.32
24.8 0.55 0.54
24.8 0.56 0.54
24.8 0.57 0.56
24.8 0.58 0.56
24.8 0.59 0.74
24.8 0.6 0.64
24.8 0.61 0.7
24.8 0.62 0.72
24.8 0.63 0.74
24.8 0.64 0.94
24.8 0.65 0.84
24.8 0.66 0.88
24.8 0.67 0.9
24.8 0.68 0.98
24.8 0.69 0.86
24.8 0.7 0.9
24.8 0.71 0.94
24.8 0.72 0.96
24.8 0.73 1
24.8 0.74 0.9
24.8 0.75 0.98
24.8 0.76 0.96
24.8 0.77 0.9
24.8 0.78 0.96
24.8 0.79 0.96
24.8 0.8 0.9
24.8 0.81 0.94
24.8 0.82 1
24.8 0.83 0.96
24.8 0.84 0.98
24.8 0.85 1
24.8 0.86 1
24.8 0.87 1
24.8 0.88 1
24.8 0.89 1
24.8 0.9 1
24.8 0.91 1
24.8 0.92 1
24.8 0.93 1
24.8 0.94 1
24.8 0.95 1
24.8 0.96 1
24.8 0.97 1
24.8 0.98 0.98
24.8 0.99 0.98
25.3 0 0
25.3 0.01 0
25.3 0.02 0
25.3 0.03 0
25.3 0.04 0
25.3 0.05 0
25.3 0.06 0
25.3 0.07 0
25.3 0.08 0
25.3 0.09 0
25.3 0.1 0
25.3 0.11 0
25.3 0.12 0
25.3 0.13 0
25.3 0.14 0
25.3 0.15 0
25.3 0.16 0
25.3 0.17 0
25.3 0.18 0
25.3 0.19 0
25.3 0.2 0
25.3 0.21 0
25.3 0.22 0
25.3 0.23 0
25.3 0.24 0
25.3 0.25 0.02
25.3 0.26 0
25.3 0.27 0
25.3 0.28 0
25.3 0.29 0
25.3 0.3 0
25.3 0.31 0
25.3 0.32 0.06
25.3 0.33 0
25.3 0.34 0
25.3 0.35 0
25.3 0.36 0
25.3 0.37 0.02
25.3 0.38 0
25.3 0.39 0.04
25.3 0.4 0
25.3 0.41 0.06
25.3 0.42 0.06
25.3 0.43 0.02
25.3 0.44 0.06
25.3 0.45 0.04
25.3 0.46 0.08
25.3 0.47 0.08
25.3 0.48 0.06
25.3 0.49 0.08
25.3 0.5 0.06
25.3 0.51 0.22
25.3 0.52 0.22
25.3 0.53 0.1
25.3 0.54 0.34
25.3 0.55 0.42
25.3 0.56 0.48
25.3 0.57 0.56
25.3 0.58 0.56
25.3 0.59 0.54
25.3 0.6 0.66
25.3 0.61 0.7
25.3 0.62 0.68
25.3 0.63 0.7
25.3 0.64 0.8
25.3 0.65 0.8
25.3 0.66 0.88
25.3 0.67 0.86
25.3 0.68 0.92
25.3 0.69 0.96
25.3 0.7 0.92
25.3 0.71 0.96
25.3 0.72 0.96
25.3 0.73 0.96
25.3 0.74 0.98
25.3 0.75 0.98
25.3 0.76 1
25.3 0.77 0.98
25.3 0.78 0.94
25.3 0.79 0.9
25.3 0.8 0.96
25.3 0.81 0.92
25.3 0.82 0.96
25.3 0.83 0.98
25.3 0.84 0.98
25.3 0.85 1
25.3 0.86 1
25.3 0.87 1
25.3 0.88 1
25.3 0.89 1
25.3 0.9 1
25.3 0.91 1
25.3 0.92 1
25.3 0.93 1
25.3 0.94 1
25.3 0.95 1
25.3 0.96 1
25.3 0.97 0.96
25.3 0.98 1
25.3 0.99 1
25.8 0 0
25.8 0.01 0
25.8 0.02 0
25.8 0.03 0
25.8 0.04 0
25.8 0.05 0
25.8 0.06 0
25.8 0.07 0
25.8 0.08 0
25.8 0.09 0
25.8 0.1 0
25.8 0.11 0
25.8 0.12 0
25.8 0.13 0
25.8 0.14 0
25.8 0.15 0
25.8 0.16 0
25.8 0.17 0
25.8 0.18 0
25.8 0.19 0
25.8 0.2 0
25.8 0.21 0
25.8 0.22 0
25.8 0.23 0
25.8 0.24 0
25.8 0.25 0
25.8 0.26 0
25.8 0.27 0
25.8 0.28 0
25.8 0.29 0
25.8 0.3 0
25.8 0.31 0
25.8 0.32 0.02
25.8 0.33 0
25.8 0.34 0
25.8 0.35 0
25.8 0.36 0
25.8 0.37 0
25.8 0.38 0.04
25.8 0.39 0
25.8 0.4 0.06
25.8 0.41 0
25.8 0.42 0.06
25.8 0.43 0.06
25.8 0.44 0.06
25.8 0.45 0.04
25.8 0.46 0.02
25.8 0.47 0.04
25.8 0.48 0.14
25.8 0.49 0.14
25.8 0.5 0.12
25.8 0.51 0.14
25.8 0.52 0.16
25.8 0.53 0.3
25.8 0.54 0.16
25.8 0.55 0.32
25.8 0.56 0.44
25.8 0.57 0.48
25.8 0.58 0.5
25.8 0.59 0.58
25.8 0.6 0.64
25.8 0.61 0.6
25.8 0.62 0.78
25.8 0.63 0.74
25.8 0.64 0.84
25.8 0.65 0.68
25.8 0.66 0.78
25.8 0.67 0.88
25.8 0.68 0.92
25.8 0.69 0.96
25.8 0.7 0.94
25.8 0.71 0.96
25.8 0.72 0.94
25.8 0.73 0.94
25.8 0.74 0.92
25.8 0.75 0.96
25.8 0.76 0.96
25.8 0.77 0.94
25.8 0.78 0.94
25.8 0.79 0.98
25.8 0.8 0.94
25.8 0.81 1
25.8 0.82 0.94
25.8 0.83 0.98
25.8 0.84 0.98
25.8 0.85 1
25.8 0.86 1
25.8 0.87 0.96
25.8 0.88 1
25.8 0.89 1
25.8 0.9 1
25.8 0.91 1
25.8 0.92 1
25.8 0.93 1
25.8 0.94 1
25.8 0.95 1
25.8 0.96 1
25.8 0.97 0.98
25.8 0.98 1
25.8 0.99 0.98
26.3 0 0
26.3 0.01 0
26.3 0.02 0
26.3 0.03 0
26.3 0.04 0
26.3 0.05 0
26.3 0.06 0
26.3 0.07 0
26.3 0.08 0
26.3 0.09 0
26.3 0.1 0
26.3 0.11 0
26.3 0.12 0
26.3 0.13 0
26.3 0.14 0
26.3 0.15 0
26.3 0.16 0
26.3 0.17 0
26.3 0.18 0
26.3 0.19 0
26.3 0.2 0
26.3 0.21 0
26.3 0.22 0
26.3 0.23 0
26.3 0.24 0
26.3 0.25 0
26.3 0.26 0
26.3 0.27 0
26.3 0.28 0
26.3 0.29 0
26.3 0.3 0
26.3 0.31 0
26.3 0.32 0.02
26.3 0.33 0
26.3 0.34 0
26.3 0.35 0.02
26.3 0.36 0.04
26.3 0.37 0
26.3 0.38 0
26.3 0.39 0
26.3 0.4 0.04
26.3 0.41 0.04
26.3 0.42 0.02
26.3 0.43 0.02
26.3 0.44 0
26.3 0.45 0.02
26.3 0.46 0.08
26.3 0.47 0.02
26.3 0.48 0.06
26.3 0.49 0.12
26.3 0.5 0.04
26.3 0.51 0.16
26.3 0.52 0.08
26.3 0.53 0.18
26.3 0.54 0.18
26.3 0.55 0.32
26.3 0.56 0.32
26.3 0.57 0.5
26.3 0.58 0.52
26.3 0.59 0.62
26.3 0.6 0.62
26.3 0.61 0.76
26.3 0.62 0.62
26.3 0.63 0.66
26.3 0.64 0.7
26.3 0.65 0.72
26.3 0.66 0.78
26.3 0.67 0.88
26.3 0.68 0.82
26.3 0.69 0.94
26.3 0.7 0.94
26.3 0.71 0.92
26.3 0.72 1
26.3 0.73 0.9
26.3 0.74 0.98
26.3 0.75 0.88
26.3 0.76 0.92
26.3 0.77 0.96
26.3 0.78 0.96
26.3 0.79 0.98
26.3 0.8 0.98
26.3 0.81 0.98
26.3 0.82 0.98
26.3 0.83 1
26.3 0.84 0.94
26.3 0.85 1
26.3 0.86 1
26.3 0.87 0.98
26.3 0.88 1
26.3 0.89 1
26.3 0.9 1
26.3 0.91 1
26.3 0.92 1
26.3 0.93 1
26.3 0.94 1
26.3 0.95 1
26.3 0.96 1
26.3 0.97 0.98
26.3 0.98 1
26.3 0.99 0.98
26.8 0 0
26.8 0.01 0
26.8 0.02 0
26.8 0.03 0
26.8 0.04 0
26.8 0.05 0
26.8 0.06 0
26.8 0.07 0
26.8 0.08 0
26.8 0.09 0
26.8 0.1 0
26.8 0.11 0
26.8 0.12 0
26.8 0.13 0
26.8 0.14 0
26.8 0.15 0
26.8 0.16 0
26.8 0.17 0
26.8 0.18 0
26.8 0.19 0
26.8 0.2 0
26.8 0.21 0
26.8 0.22 0
26.8 0.23 0
26.8 0.24 0
26.8 0.25 0
26.8 0.26 0
26.8 0.27 0
26.8 0.28 0
26.8 0.29 0
26.8 0.3 0
26.8 0.31 0.04
26.8 0.32 0
26.8 0.33 0
26.8 0.34 0.02
26.8 0.35 0
26.8 0.36 0
26.8 0.37 0
26.8 0.38 0
26.8 0.39 0.02
26.8 0.4 0.02
26.8 0.41 0
26.8 0.42 0.02
26.8 0.43 0.06
26.8 0.44 0.02
26.8 0.45 0.02
26.8 0.46 0.04
26.8 0.47 0.02
26.8 0.48 0.08
26.8 0.49 0.1
26.8 0.5 0.12
26.8 0.51 0.1
26.8 0.52 0.22
26.8 0.53 0.22
26.8 0.54 0.2
26.8 0.55 0.26
26.8 0.56 0.36
26.8 0.57 0.44
26.8 0.58 0.48
26.8 0.59 0.38
26.8 0.6 0.46
26.8 0.61 0.68
26.8 0.62 0.56
26.8 0.63 0.68
26.8 0.64 0.74
26.8 0.65 0.7
26.8 0.66 0.88
26.8 0.67 0.96
26.8 0.68 0.88
26.8 0.69 0.88
26.8 0.7 0.94
26.8 0.71 0.8
26.8 0.72 0.92
26.8 0.73 0.92
26.8 0.74 0.96
26.8 0.75 0.92
26.8 0.76 0.88
26.8 0.77 0.94
26.8 0.78 0.96
26.8 0.79 0.96
26.8 0.8 0.92
26.8 0.81 0.92
26.8 0.82 0.96
26.8 0.83 1
26.8 0.84 0.98
26.8 0.85 0.98
26.8 0.86 1
26.8 0.87 0.98
26.8 0.88 1
26.8 0.89 1
26.8 0.9 1
26.8 0.91 1
26.8 0.92 1
26.8 0.93 1
26.8 0.94 1
26.8 0.95 1
26.8 0.96 1
26.8 0.97 1
26.8 0.98 1
26.8 0.99 1
27.3 0 0
27.3 0.01 0
27.3 0.02 0
27.3 0.03 0
27.3 0.04 0
27.3 0.05 0
27.3 0.06 0
27.3 0.07 0
27.3 0.08 0
27.3 0.09 0
27.3 0.1 0
27.3 0.11 0
27.3 0.12 0
27.3 0.13 0
27.3 0.14 0
27.3 0.15 0
27.3 0.16 0
27.3 0.17 0
27.3 0.18 0
27.3 0.19 0
27.3 0.2 0
27.3 0.21 0
27.3 0.22 0
27.3 0.23 0
27.3 0.24 0
27.3 0.25 0
27.3 0.26 0
27.3 0.27 0
27.3 0.28 0
27.3 0.29 0
27.3 0.3 0
27.3 0.31 0
27.3 0.32 0
27.3 0.33 0
27.3 0.34 0
27.3 0.35 0.02
27.3 0.36 0.02
27.3 0.37 0
27.3 0.38 0
27.3 0.39 0
27.3 0.4 0.04
27.3 0.41 0.02
27.3 0.42 0
27.3 0.43 0.02
27.3 0.44 0.02
27.3 0.45 0.04
27.3 0.46 0.02
27.3 0.47 0.06
27.3 0.48 0.02
27.3 0.49 0.12
27.3 0.5 0
27.3 0.51 0.08
27.3 0.52 0.16
27.3 0.53 0.12
27.3 0.54 0.32
27.3 0.55 0.26
27.3 0.56 0.24
27.3 0.57 0.24
27.3 0.58 0.28
27.3 0.59 0.36
27.3 0.6 0.46
27.3 0.61 0.6
27.3 0.62 0.62
27.3 0.63 0.68
27.3 0.64 0.82
27.3 0.65 0.84
27.3 0.66 0.82
27.3 0.67 0.8
27.3 0.68 0.8
27.3 0.69 0.9
27.3 0.7 0.88
27.3 0.71 0.94
27.3 0.72 0.9
27.3 0.73 0.9
27.3 0.74 0.94
27.3 0.75 0.88
27.3 0.76 0.98
27.3 0.77 0.9
27.3 0.78 0.92
27.3 0.79 0.9
27.3 0.8 0.94
27.3 0.81 0.98
27.3 0.82 0.96
27.3 0.83 0.96
27.3 0.84 1
27.3 0.85 1
27.3 0.86 0.98
27.3 0.87 1
27.3 0.88 0.98
27.3 0.89 1
27.3 0.9 1
27.3 0.91 1
27.3 0.92 1
27.3 0.93 1
27.3 0.94 1
27.3 0.95 1
27.3 0.96 1
27.3 0.97 1
27.3 0.98 1
27.3 0.99 0.98
27.8 0 0
27.8 0.01 0
27.8 0.02 0
27.8 0.03 0
27.8 0.04 0
27.8 0.05 0
27.8 0.06 0
27.8 0.07 0
27.8 0.08 0
27.8 0.09 0
27.8 0.1 0
27.8 0.11 0
27.8 0.12 0
27.8 0.13 0
27.8 0.14 0
27.8 0.15 0
27.8 0.16 0
27.8 0.17 0
27.8 0.18 0
27.8 0.19 0
27.8 0.2 0
27.8 0.21 0
27.8 0.22 0
27.8 0.23 0
27.8 0.24 0
27.8 0.25 0
27.8 0.26 0
27.8 0.27 0
27.8 0.28 0
27.8 0.29 0
27.8 0.3 0
27.8 0.31 0
27.8 0.32 0
27.8 0.33 0
27.8 0.34 0
27.8 0.35 0
27.8 0.36 0
27.8 0.37 0
27.8 0.38 0
27.8 0.39 0
27.8 0.4 0.02
27.8 0.41 0.02
27.8 0.42 0
27.8 0.43 0.02
27.8 0.44 0.04
27.8 0.45 0.02
27.8 0.46 0
27.8 0.47 0
27.8 0.48 0.06
27.8 0.49 0.06
27.8 0.5 0.02
27.8 0.51 0.1
27.8 0.52 0.14
27.8 0.53 0.12
27.8 0.54 0.14
27.8 0.55 0.16
27.8 0.56 0.24
27.8 0.57 0.24
27.8 0.58 0.34
27.8 0.59 0.46
27.8 0.6 0.58
27.8 0.61 0.48
27.8 0.62 0.52
27.8 0.63 0.5
27.8 0.64 0.66
27.8 0.65 0.76
27.8 0.66 0.8
27.8 0.67 0.7
27.8 0.68 0.76
27.8 0.69 0.92
27.8 0.7 0.92
27.8 0.71 0.9
27.8 0.72 0.84
27.8 0.73 0.96
27.8 0.74 0.96
27.8 0.75 0.9
27.8 0.76 0.96
27.8 0.77 0.96
27.8 0.78 0.88
27.8 0.79 0.96
27.8 0.8 0.92
27.8 0.81 0.94
27.8 0.82 0.92
27.8 0.83 0.96
27.8 0.84 1
27.8 0.85 1
27.8 0.86 0.98
27.8 0.87 0.98
27.8 0.88 0.98
27.8 0.89 1
27.8 0.9 1
27.8 0.91 1
27.8 0.92 1
27.8 0.93 1
27.8 0.94 1
27.8 0.95 1
27.8 0.96 1
27.8 0.97 0.98
27.8 0.98 0.92
27.8 0.99 0.96
28.3 0 0
28.3 0.01 0
28.3 0.02 0
28.3 0.03 0
28.3 0.04 0
28.3 0.05 0
28.3 0.06 0
28.3 0.07 0
28.3 0.08 0
28.3 0.09 0
28.3 0.1 0
28.3 0.11 0
28.3 0.12 0
28.3 0.13 0
28.3 0.14 0
28.3 0.15 0
28.3 0.16 0
28.3 0.17 0
28.3 0.18 0
28.3 0.19 0
28.3 0.2 0
28.3 0.21 0
28.3 0.22 0
28.3 0.23 0
28.3 0.24 0
28.3 0.25 0
28.3 0.26 0
28.3 0.27 0
28.3 0.28 0
28.3 0.29 0
28.3 0.3 0
28.3 0.31 0
28.3 0.32 0
28.3 0.33 0
28.3 0.34 0
28.3 0.35 0
28.3 0.36 0
28.3 0.37 0
28.3 0.38 0.02
28.3 0.39 0.02
28.3 0.4 0
28.3 0.41 0.04
28.3 0.42 0
28.3 0.43 0
28.3 0.44 0
28.3 0.45 0.04
28.3 0.46 0.04
28.3 0.47 0.06
28.3 0.48 0.04
28.3 0.49 0.06
28.3 0.5 0.02
28.3 0.51 0.06
28.3 0.52 0.08
28.3 0.53 0.1
28.3 0.54 0.06
28.3 0.55 0.14
28.3 0.56 0.18
28.3 0.57 0.34
28.3 0.58 0.28
28.3 0.59 0.4
28.3 0.6 0.5
28.3 0.61 0.58
28.3 0.62 0.5
28.3 0.63 0.64
28.3 0.64 0.64
28.3 0.65 0.8
28.3 0.66 0.66
28.3 0.67 0.8
28.3 0.68 0.84
28.3 0.69 0.84
28.3 0.7 0.9
28.3 0.71 0.86
28.3 0.72 0.96
28.3 0.73 0.94
28.3 0.74 0.88
28.3 0.75 0.9
28.3 0.76 0.9
28.3 0.77 0.88
28.3 0.78 0.9
28.3 0.79 0.94
28.3 0.8 0.92
28.3 0.81 0.78
28.3 0.82 0.94
28.3 0.83 0.9
28.3 0.84 1
28.3 0.85 0.98
28.3 0.86 1
28.3 0.87 0.98
28.3 0.88 1
28.3 0.89 1
28.3 0.9 1
28.3 0.91 1
28.3 0.92 1
28.3 0.93 1
28.3 0.94 1
28.3 0.95 1
28.3 0.96 1
28.3 0.97 0.98
28.3 0.98 0.96
28.3 0.99 1
28.8 0 0
28.8 0.01 0
28.8 0.02 0
28.8 0.03 0
28.8 0.04 0
28.8 0.05 0
28.8 0.06 0
28.8 0.07 0
28.8 0.08 0
28.8 0.09 0
28.8 0.1 0
28.8 0.11 0
28.8 0.12 0
28.8 0.13 0
28.8 0.14 0
28.8 0.15 0
28.8 0.16 0
28.8 0.17 0
28.8 0.18 0
28.8 0.19 0
28.8 0.2 0
28.8 0.21 0
28.8 0.22 0
28.8 0.23 0
28.8 0.24 0.02
28.8 0.25 0
28.8 0.26 0
28.8 0.27 0
28.8 0.28 0
28.8 0.29 0
28.8 0.3 0
28.8 0.31 0.02
28.8 0.32 0
28.8 0.33 0
28.8 0.34 0
28.8 0.35 0
28.8 0.36 0
28.8 0.37 0
28.8 0.38 0
28.8 0.39 0.02
28.8 0.4 0.04
28.8 0.41 0
28.8 0.42 0
28.8 0.43 0
28.8 0.44 0
28.8 0.45 0.06
28.8 0.46 0
28.8 0.47 0.02
28.8 0.48 0
28.8 0.49 0
28.8 0.5 0.06
28.8 0.51 0.06
28.8 0.52 0.02
28.8 0.53 0.12
28.8 0.54 0.22
28.8 0.55 0.1
28.8 0.56 0.2
28.8 0.57 0.38
28.8 0.58 0.26
28.8 0.59 0.44
28.8 0.6 0.32
28.8 0.61 0.54
28.8 0.62 0.48
28.8 0.63 0.66
28.8 0.64 0.68
28.8 0.65 0.62
28.8 0.66 0.64
28.8 0.67 0.84
28.8 0.68 0.88
28.8 0.69 0.96
28.8 0.7 0.9
28.8 0.71 0.9
28.8 0.72 0.86
28.8 0.73 0.8
28.8 0.74 0.92
28.8 0.75 0.84
28.8 0.76 0.96
28.8 0.77 0.88
28.8 0.78 0.88
28.8 0.79 0.92
28.8 0.8 0.92
28.8 0.81 0.9
28.8 0.82 0.88
28.8 0.83 0.96
28.8 0.84 0.96
28.8 0.85 0.96
28.8 0.86 0.96
28.8 0.87 0.96
28.8 0.88 1
28.8 0.89 0.98
28.8 0.9 1
28.8 0.91 1
28.8 0.92 1
28.8 0.93 0.98
28.8 0.94 1
28.8 0.95 0.98
28.8 0.96 1
28.8 0.97 1
28.8 0.98 0.98
28.8 0.99 1
29.3 0 0
29.3 0.01 0
29.3 0.02 0
29.3 0.03 0
29.3 0.04 0
29.3 0.05 0
29.3 0.06 0
29.3 0.07 0
29.3 0.08 0
29.3 0.09 0
29.3 0.1 0
29.3 0.11 0
29.3 0.12 0
29.3 0.13 0
29.3 0.14 0
29.3 0.15 0
29.3 0.16 0
29.3 0.17 0
29.3 0.18 0
29.3 0.19 0
29.3 0.2 0
29.3 0.21 0
29.3 0.22 0
29.3 0.23 0.02
29.3 0.24 0
29.3 0.25 0
29.3 0.26 0
29.3 0.27 0
29.3 0.28 0
29.3 0.29 0
29.3 0.3 0
29.3 0.31 0
29.3 0.32 0
29.3 0.33 0
29.3 0.34 0
29.3 0.35 0.06
29.3 0.36 0.02
29.3 0.37 0.02
29.3 0.38 0
29.3 0.39 0
29.3 0.4 0
29.3 0.41 0.02
29.3 0.42 0.02
29.3 0.43 0.02
29.3 0.44 0
29.3 0.45 0
29.3 0.46 0
29.3 0.47 0.02
29.3 0.48 0
29.3 0.49 0.02
29.3 0.5 0.02
29.3 0.51 0.06
29.3 0.52 0.08
29.3 0.53 0.06
29.3 0.54 0.12
29.3 0.55 0.18
29.3 0.56 0.12
29.3 0.57 0.14
29.3 0.58 0.2
29.3 0.59 0.24
29.3 0.6 0.38
29.3 0.61 0.38
29.3 0.62 0.5
29.3 0.63 0.62
29.3 0.64 0.58
29.3 0.65 0.74
29.3 0.66 0.68
29.3 0.67 0.66
29.3 0.68 0.78
29.3 0.69 0.9
29.3 0.7 0.8
29.3 0.71 0.94
29.3 0.72 0.92
29.3 0.73 0.92
29.3 0.74 0.96
29.3 0.75 0.86
29.3 0.76 0.86
29.3 0.77 0.88
29.3 0.78 0.94
29.3 0.79 0.9
29.3 0.8 0.96
29.3 0.81 0.88
29.3 0.82 0.96
29.3 0.83 0.9
29.3 0.84 0.96
29.3 0.85 0.96
29.3 0.86 1
29.3 0.87 0.98
29.3 0.88 1
29.3 0.89 1
29.3 0.9 0.98
29.3 0.91 1
29.3 0.92 1
29.3 0.93 1
29.3 0.94 0.98
29.3 0.95 1
29.3 0.96 0.98
29.3 0.97 1
29.3 0.98 0.96
29.3 0.99 0.94
29.8 0 0
29.8 0.01 0
29.8 0.02 0
29.8 0.03 0
29.8 0.04 0
29.8 0.05 0
29.8 0.06 0
29.8 0.07 0
29.8 0.08 0
29.8 0.09 0
29.8 0.1 0
29.8 0.11 0
29.8 0.12 0
29.8 0.13 0
29.8 0.14 0
29.8 0.15 0
29.8 0.16 0
29.8 0.17 0
29.8 0.18 0
29.8 0.19 0
29.8 0.2 0
29.8 0.21 0
29.8 0.22 0
29.8 0.23 0
29.8 0.24 0
29.8 0.25 0
29.8 0.26 0
29.8 0.27 0
29.8 0.28 0
29.8 0.29 0
29.8 0.3 0
29.8 0.31 0
29.8 0.32 0
29.8 0.33 0
29.8 0.34 0.04
29.8 0.35 0
29.8 0.36 0
29.8 0.37 0.02
29.8 0.38 0
29.8 0.39 0
29.8 0.4 0
29.8 0.41 0
29.8 0.42 0
29.8 0.43 0
29.8 0.44 0.04
29.8 0.45 0
29.8 0.46 0.04
29.8 0.47 0.02
29.8 0.48 0.06
29.8 0.49 0.08
29.8 0.5 0.02
29.8 0.51 0
29.8 0.52 0.08
29.8 0.53 0.06
29.8 0.54 0.1
29.8 0.55 0.06
29.8 0.56 0.14
29.8 0.57 0.12
29.8 0.58 0.14
29.8 0.59 0.28
29.8 0.6 0.42
29.8 0.61 0.32
29.8 0.62 0.52
29.8 0.63 0.56
29.8 0.64 0.52
29.8 0.65 0.58
29.8 0.66 0.64
29.8 0.67 0.68
29.8 0.68 0.8
29.8 0.69 0.8
29.8 0.7 0.88
29.8 0.71 0.76
29.8 0.72 0.92
29.8 0.73 0.86
29.8 0.74 0.92
29.8 0.75 0.96
29.8 0.76 0.88
29.8 0.77 0.88
29.8 0.78 0.9
29.8 0.79 0.88
29.8 0.8 0.92
29.8 0.81 0.94
29.8 0.82 0.94
29.8 0.83 0.94
29.8 0.84 0.9
29.8 0.85 0.96
29.8 0.86 0.98
29.8 0.87 1
29.8 0.88 1
29.8 0.89 0.98
29.8 0.9 1
29.8 0.91 1
29.8 0.92 1
29.8 0.93 1
29.8 0.94 1
29.8 0.95 0.98
29.8 0.96 0.96
29.8 0.97 0.98
29.8 0.98 0.96
29.8 0.99 0.96
30.3 0 0
30.3 0.01 0
30.3 0.02 0
30.3 0.03 0
30.3 0.04 0
30.3 0.05 0
30.3 0.06 0
30.3 0.07 0
30.3 0.08 0
30.3 0.09 0
30.3 0.1 0
30.3 0.11 0
30.3 0.12 0
30.3 0.13 0
30.3 0.14 0
30.3 0.15 0
30.3 0.16 0
30.3 0.17 0
30.3 0.18 0
30.3 0.19 0
30.3 0.2 0
30.3 0.21 0
30.3 0.22 0
30.3 0.23 0
30.3 0.24 0
30.3 0.25 0
30.3 0.26 0
30.3 0.27 0
30.3 0.28 0.02
30.3 0.29 0
30.3 0.3 0
30.3 0.31 0
30.3 0.32 0
30.3 0.33 0
30.3 0.34 0
30.3 0.35 0
30.3 0.36 0
30.3 0.37 0
30.3 0.38 0
30.3 0.39 0.02
30.3 0.4 0.02
30.3 0.41 0.02
30.3 0.42 0.02
30.3 0.43 0
30.3 0.44 0
30.3 0.45 0
30.3 0.46 0.02
30.3 0.47 0.02
30.3 0.48 0
30.3 0.49 0.02
30.3 0.5 0
30.3 0.51 0
30.3 0.52 0.12
30.3 0.53 0.12
30.3 0.54 0.04
30.3 0.55 0.1
30.3 0.56 0.1
30.3 0.57 0.08
30.3 0.58 0.16
30.3 0.59 0.2
30.3 0.6 0.28
30.3 0.61 0.28
30.3 0.62 0.52
30.3 0.63 0.44
30.3 0.64 0.48
30.3 0.65 0.66
30.3 0.66 0.72
30.3 0.67 0.74
30.3 0.68 0.68
30.3 0.69 0.84
30.3 0.7 0.92
30.3 0.71 0.84
30.3 0.72 0.8
30.3 0.73 0.82
30.3 0.74 0.92
30.3 0.75 0.92
30.3 0.76 0.9
30.3 0.77 0.88
30.3 0.78 0.98
30.3 0.79 0.86
30.3 0.8 0.9
30.3 0.81 0.94
30.3 0.82 0.92
30.3 0.83 0.92
30.3 0.84 0.94
30.3 0.85 0.96
30.3 0.86 0.92
30.3 0.87 0.96
30.3 0.88 1
30.3 0.89 1
30.3 0.9 1
30.3 0.91 1
30.3 0.92 1
30.3 0.93 1
30.3 0.94 1
30.3 0.95 1
30.3 0.96 0.98
30.3 0.97 0.98
30.3 0.98 0.94
30.3 0.99 0.96
30.8 0 0
30.8 0.01 0
30.8 0.02 0
30.8 0.03 0
30.8 0.04 0
30.8 0.05 0
30.8 0.06 0
30.8 0.07 0
30.8 0.08 0
30.8 0.09 0
30.8 0.1 0
30.8 0.11 0
30.8 0.12 0
30.8 0.13 0
30.8 0.14 0
30.8 0.15 0
30.8 0.16 0
30.8 0.17 0
30.8 0.18 0
30.8 0.19 0
30.8 0.2 0.02
30.8 0.21 0
30.8 0.22 0.02
30.8 0.23 0
30.8 0.24 0
30.8 0.25 0
30.8 0.26 0
30.8 0.27 0
30.8 0.28 0
30.8 0.29 0
30.8 0.3 0
30.8 0.31 0
30.8 0.32 0
30.8 0.33 0
30.8 0.34 0
30.8 0.35 0
30.8 0.36 0
30.8 0.37 0
30.8 0.38 0
30.8 0.39 0
30.8 0.4 0.06
30.8 0.41 0
30.8 0.42 0
30.8 0.43 0.02
30.8 0.44 0.02
30.8 0.45 0.06
30.8 0.46 0.02
30.8 0.47 0.06
30.8 0.48 0.02
30.8 0.49 0.02
30.8 0.5 0.04
30.8 0.51 0.02
30.8 0.52 0.04
30.8 0.53 0.02
30.8 0.54 0.06
30.8 0.55 0.1
30.8 0.56 0.2
30.8 0.57 0.08
30.8 0.58 0.12
30.8 0.59 0.12
30.8 0.6 0.24
30.8 0.61 0.24
30.8 0.62 0.4
30.8 0.63 0.36
30.8 0.64 0.4
30.8 0.65 0.46
30.8 0.66 0.64
30.8 0.67 0.78
30.8 0.68 0.8
30.8 0.69 0.84
30.8 0.7 0.76
30.8 0.71 0.84
30.8 0.72 0.84
30.8 0.73 0.82
30.8 0.74 0.8
30.8 0.75 0.92
30.8 0.76 0.8
30.8 0.77 0.82
30.8 0.78 0.86
30.8 0.79 0.9
30.8 0.8 0.94
30.8 0.81 0.88
30.8 0.82 0.94
30.8 0.83 0.96
30.8 0.84 0.94
30.8 0.85 0.96
30.8 0.86 1
30.8 0.87 0.98
30.8 0.88 0.98
30.8 0.89 0.98
30.8 0.9 0.98
30.8 0.91 1
30.8 0.92 1
30.8 0.93 1
30.8 0.94 0.98
30.8 0.95 0.96
30.8 0.96 0.98
30.8 0.97 0.98
30.8 0.98 0.96
30.8 0.99 0.94
31.3 0 0
31.3 0.01 0
31.3 0.02 0
31.3 0.03 0
31.3 0.04 0
31.3 0.05 0
31.3 0.06 0
31.3 0.07 0
31.3 0.08 0
31.3 0.09 0
31.3 0.1 0
31.3 0.11 0
31.3 0.12 0
31.3 0.13 0
31.3 0.14 0
31.3 0.15 0
31.3 0.16 0
31.3 0.17 0
31.3 0.18 0
31.3 0.19 0
31.3 0.2 0
31.3 0.21 0
31.3 0.22 0
31.3 0.23 0.02
31.3 0.24 0
31.3 0.25 0
31.3 0.26 0
31.3 0.27 0
31.3 0.28 0
31.3 0.29 0.02
31.3 0.3 0.02
31.3 0.31 0
31.3 0.32 0
31.3 0.33 0.02
31.3 0.34 0
31.3 0.35 0
31.3 0.36 0
31.3 0.37 0.02
31.3 0.38 0
31.3 0.39 0
31.3 0.4 0.02
31.3 0.41 0.06
31.3 0.42 0
31.3 0.43 0
31.3 0.44 0.02
31.3 0.45 0.02
31.3 0.46 0.04
31.3 0.47 0.02
31.3 0.48 0.06
31.3 0.49 0.04
31.3 0.5 0
31.3 0.51 0.08
31.3 0.52 0.04
31.3 0.53 0.04
31.3 0.54 0.1
31.3 0.55 0.06
31.3 0.56 0.22
31.3 0.57 0.1
31.3 0.58 0.12
31.3 0.59 0.14
31.3 0.6 0.18
31.3 0.61 0.32
31.3 0.62 0.28
31.3 0.63 0.28
31.3 0.64 0.4
31.3 0.65 0.48
31.3 0.66 0.56
31.3 0.67 0.62
31.3 0.68 0.58
31.3 0.69 0.84
31.3 0.7 0.78
31.3 0.71 0.76
31.3 0.72 0.78
31.3 0.73 0.78
31.3 0.74 0.8
31.3 0.75 0.84
31.3 0.76 0.82
31.3 0.77 0.84
31.3 0.78 0.88
31.3 0.79 0.86
31.3 0.8 0.92
31.3 0.81 0.9
31.3 0.82 0.86
31.3 0.83 0.94
31.3 0.84 0.94
31.3 0.85 0.96
31.3 0.86 0.92
31.3 0.87 1
31.3 0.88 0.94
31.3 0.89 0.98
31.3 0.9 1
31.3 0.91 1
31.3 0.92 1
31.3 0.93 0.98
31.3 0.94 0.98
31.3 0.95 1
31.3 0.96 0.96
31.3 0.97 0.98
31.3 0.98 0.92
31.3 0.99 0.94
31.8 0 0
31.8 0.01 0
31.8 0.02 0
31.8 0.03 0
31.8 0.04 0
31.8 0.05 0
31.8 0.06 0
31.8 0.07 0
31.8 0.08 0
31.8 0.09 0
31.8 0.1 0
31.8 0.11 0
31.8 0.12 0
31.8 0.13 0
31.8 0.14 0
31.8 0.15 0
31.8 0.16 0
31.8 0.17 0
31.8 0.18 0
31.8 0.19 0
31.8 0.2 0
31.8 0.21 0
31.8 0.22 0
31.8 0.23 0
31.8 0.24 0
31.8 0.25 0
31.8 0.26 0
31.8 0.27 0
31.8 0.28 0
31.8 0.29 0
31.8 0.3 0
31.8 0.31 0
31.8 0.32 0
31.8 0.33 0
31.8 0.34 0
31.8 0.35 0
31.8 0.36 0.02
31.8 0.37 0
31.8 0.38 0
31.8 0.39 0
31.8 0.4 0
31.8 0.41 0.02
31.8 0.42 0
31.8 0.43 0.04
31.8 0.44 0
31.8 0.45 0
31.8 0.46 0.06
31.8 0.47 0.02
31.8 0.48 0.06
31.8 0.49 0.02
31.8 0.5 0.02
31.8 0.51 0.04
31.8 0.52 0.08
31.8 0.53 0.06
31.8 0.54 0.04
31.8 0.55 0.06
31.8 0.56 0.04
31.8 0.57 0.18
31.8 0.58 0.12
31.8 0.59 0.14
31.8 0.6 0.1
31.8 0.61 0.2
31.8 0.62 0.24
31.8 0.63 0.34
31.8 0.64 0.42
31.8 0.65 0.46
31.8 0.66 0.62
31.8 0.67 0.58
31.8 0.68 0.6
31.8 0.69 0.76
31.8 0.7 0.88
31.8 0.71 0.74
31.8 0.72 0.8
31.8 0.73 0.84
31.8 0.74 0.76
31.8 0.75 0.9
31.8 0.76 0.86
31.8 0.77 0.9
31.8 0.78 0.82
31.8 0.79 0.84
31.8 0.8 0.8
31.8 0.81 0.88
31.8 0.82 0.94
31.8 0.83 0.86
31.8 0.84 0.9
31.8 0.85 0.96
31.8 0.86 0.94
31.8 0.87 0.96
31.8 0.88 0.98
31.8 0.89 1
31.8 0.9 0.98
31.8 0.91 1
31.8 0.92 0.98
31.8 0.93 0.98
31.8 0.94 1
31.8 0.95 0.98
31.8 0.96 0.94
31.8 0.97 1
31.8 0.98 0.94
31.8 0.99 0.94
32.3 0 0
32.3 0.01 0
32.3 0.02 0
32.3 0.03 0
32.3 0.04 0
32.3 0.05 0
32.3 0.06 0
32.3 0.07 0
32.3 0.08 0
32.3 0.09 0
32.3 0.1 0
32.3 0.11 0
32.3 0.12 0
32.3 0.13 0
32.3 0.14 0
32.3 0.15 0
32.3 0.16 0
32.3 0.17 0
32.3 0.18 0
32.3 0.19 0
32.3 0.2 0
32.3 0.21 0
32.3 0.22 0
32.3 0.23 0
32.3 0.24 0
32.3 0.25 0
32.3 0.26 0
32.3 0.27 0
32.3 0.28 0
32.3 0.29 0
32.3 0.3 0
32.3 0.31 0
32.3 0.32 0
32.3 0.33 0
32.3 0.34 0
32.3 0.35 0
32.3 0.36 0.04
32.3 0.37 0
32.3 0.38 0
32.3 0.39 0.02
32.3 0.4 0
32.3 0.41 0
32.3 0.42 0.02
32.3 0.43 0
32.3 0.44 0.02
32.3 0.45 0
32.3 0.46 0.04
32.3 0.47 0
32.3 0.48 0.02
32.3 0.49 0.06
32.3 0.5 0.04
32.3 0.51 0.06
32.3 0.52 0.04
32.3 0.53 0.06
32.3 0.54 0.06
32.3 0.55 0.04
32.3 0.56 0.06
32.3 0.57 0.2
32.3 0.58 0.02
32.3 0.59 0.2
32.3 0.6 0.22
32.3 0.61 0.32
32.3 0.62 0.28
32.3 0.63 0.38
32.3 0.64 0.38
32.3 0.65 0.48
32.3 0.66 0.4
32.3 0.67 0.62
32.3 0.68 0.68
32.3 0.69 0.78
32.3 0.7 0.66
32.3 0.71 0.78
32.3 0.72 0.78
32.3 0.73 0.82
32.3 0.74 0.8
32.3 0.75 0.92
32.3 0.76 0.88
32.3 0.77 0.88
32.3 0.78 0.88
32.3 0.79 0.84
32.3 0.8 0.82
32.3 0.81 0.92
32.3 0.82 0.9
32.3 0.83 0.88
32.3 0.84 0.96
32.3 0.85 0.94
32.3 0.86 0.94
32.3 0.87 0.98
32.3 0.88 0.98
32.3 0.89 0.98
32.3 0.9 1
32.3 0.91 0.98
32.3 0.92 0.98
32.3 0.93 1
32.3 0.94 1
32.3 0.95 0.96
32.3 0.96 0.94
32.3 0.97 0.94
32.3 0.98 0.98
32.3 0.99 0.94
32.8 0 0
32.8 0.01 0
32.8 0.02 0
32.8 0.03 0
32.8 0.04 0
32.8 0.05 0
32.8 0.06 0
32.8 0.07 0
32.8 0.08 0
32.8 0.09 0
32.8 0.1 0
32.8 0.11 0
32.8 0.12 0
