55.3 0 0
55.3 0.05 0
55.3 0.1 0
55.3 0.15 0
55.3 0.2 0
55.3 0.25 0
55.3 0.3 0
55.3 0.35 0
55.3 0.4 0
55.3 0.45 0
55.3 0.5 0
55.3 0.55 0
55.3 0.6 0.02
55.3 0.65 0.04
55.3 0.7 0.1
55.3 0.75 0.08
55.3 0.8 0.28
55.3 0.85 0.42
55.3 0.9 0.64
55.3 0.95 0.54
55.8 0 0
55.8 0.05 0
55.8 0.1 0
55.8 0.15 0
55.8 0.2 0
55.8 0.25 0
55.8 0.3 0
55.8 0.35 0
55.8 0.4 0
55.8 0.45 0
55.8 0.5 0
55.8 0.55 0.02
55.8 0.6 0.02
55.8 0.65 0.02
55.8 0.7 0.04
55.8 0.75 0.08
55.8 0.8 0.34
55.8 0.85 0.38
55.8 0.9 0.64
55.8 0.95 0.58
56.3 0 0
56.3 0.05 0
56.3 0.1 0
56.3 0.15 0
56.3 0.2 0
56.3 0.25 0
56.3 0.3 0
56.3 0.35 0
56.3 0.4 0
56.3 0.45 0
56.3 0.5 0
56.3 0.55 0
56.3 0.6 0.06
56.3 0.65 0.02
56.3 0.7 0.1
56.3 0.75 0.16
56.3 0.8 0.26
56.3 0.85 0.48
56.3 0.9 0.56
56.3 0.95 0.62
56.8 0 0
56.8 0.05 0
56.8 0.1 0
56.8 0.15 0
56.8 0.2 0
56.8 0.25 0
56.8 0.3 0
56.8 0.35 0
56.8 0.4 0
56.8 0.45 0
56.8 0.5 0
56.8 0.55 0
56.8 0.6 0.02
56.8 0.65 0.06
56.8 0.7 0.1
56.8 0.75 0.16
56.8 0.8 0.24
56.8 0.85 0.44
56.8 0.9 0.56
56.8 0.95 0.46
57.3 0 0
57.3 0.05 0
57.3 0.1 0
57.3 0.15 0
57.3 0.2 0
57.3 0.25 0
57.3 0.3 0
57.3 0.35 0
57.3 0.4 0.02
57.3 0.45 0
57.3 0.5 0.02
57.3 0.55 0
57.3 0.6 0.02
57.3 0.65 0.02
57.3 0.7 0.1
57.3 0.75 0.24
57.3 0.8 0.32
57.3 0.85 0.48
57.3 0.9 0.62
57.3 0.95 0.48
57.8 0 0
57.8 0.05 0
57.8 0.1 0
57.8 0.15 0
57.8 0.2 0
57.8 0.25 0
57.8 0.3 0
57.8 0.35 0
57.8 0.4 0
57.8 0.45 0
57.8 0.5 0
57.8 0.55 0
57.8 0.6 0.02
57.8 0.65 0
57.8 0.7 0.06
57.8 0.75 0.16
57.8 0.8 0.24
57.8 0.85 0.44
57.8 0.9 0.56
57.8 0.95 0.58
58.3 0 0
58.3 0.05 0
58.3 0.1 0
58.3 0.15 0
58.3 0.2 0
58.3 0.25 0
58.3 0.3 0
58.3 0.35 0
58.3 0.4 0
58.3 0.45 0
58.3 0.5 0
58.3 0.55 0
58.3 0.6 0
58.3 0.65 0
58.3 0.7 0.08
58.3 0.75 0.16
58.3 0.8 0.38
58.3 0.85 0.56
58.3 0.9 0.66
58.3 0.95 0.54
58.8 0 0
58.8 0.05 0
58.8 0.1 0
58.8 0.15 0
58.8 0.2 0
58.8 0.25 0
58.8 0.3 0
58.8 0.35 0
58.8 0.4 0
58.8 0.45 0
58.8 0.5 0
58.8 0.55 0
58.8 0.6 0
58.8 0.65 0.04
58.8 0.7 0.08
58.8 0.75 0.16
58.8 0.8 0.2
58.8 0.85 0.34
58.8 0.9 0.62
58.8 0.95 0.5
59.3 0 0
59.3 0.05 0
59.3 0.1 0
59.3 0.15 0
59.3 0.2 0
59.3 0.25 0
59.3 0.3 0
59.3 0.35 0
59.3 0.4 0
59.3 0.45 0
59.3 0.5 0
59.3 0.55 0
59.3 0.6 0.02
59.3 0.65 0.02
59.3 0.7 0.02
59.3 0.75 0.18
59.3 0.8 0.22
59.3 0.85 0.32
59.3 0.9 0.52
59.3 0.95 0.6
59.8 0 0
59.8 0.05 0
59.8 0.1 0
59.8 0.15 0
59.8 0.2 0
59.8 0.25 0
59.8 0.3 0
59.8 0.35 0
59.8 0.4 0
59.8 0.45 0
59.8 0.5 0
59.8 0.55 0
59.8 0.6 0.02
59.8 0.65 0
59.8 0.7 0.08
59.8 0.75 0.14
59.8 0.8 0.22
59.8 0.85 0.44
59.8 0.9 0.48
59.8 0.95 0.52
60.3 0 0
60.3 0.05 0
60.3 0.1 0
60.3 0.15 0
60.3 0.2 0
60.3 0.25 0
60.3 0.3 0
60.3 0.35 0
60.3 0.4 0
60.3 0.45 0
60.3 0.5 0
60.3 0.55 0
60.3 0.6 0.02
60.3 0.65 0
60.3 0.7 0.06
60.3 0.75 0.16
60.3 0.8 0.24
60.3 0.85 0.34
60.3 0.9 0.58
60.3 0.95 0.62
60.8 0 0
60.8 0.05 0
60.8 0.1 0
60.8 0.15 0
60.8 0.2 0
60.8 0.25 0
60.8 0.3 0
60.8 0.35 0
60.8 0.4 0
60.8 0.45 0
60.8 0.5 0
60.8 0.55 0.02
60.8 0.6 0.02
60.8 0.65 0
60.8 0.7 0.04
60.8 0.75 0.08
60.8 0.8 0.18
60.8 0.85 0.32
60.8 0.9 0.46
60.8 0.95 0.46
61.3 0 0
61.3 0.05 0
61.3 0.1 0
61.3 0.15 0
61.3 0.2 0
61.3 0.25 0
61.3 0.3 0
61.3 0.35 0
61.3 0.4 0
61.3 0.45 0
61.3 0.5 0
61.3 0.55 0
61.3 0.6 0
61.3 0.65 0.04
61.3 0.7 0.02
61.3 0.75 0.14
61.3 0.8 0.24
61.3 0.85 0.28
61.3 0.9 0.52
61.3 0.95 0.46
61.8 0 0
61.8 0.05 0
61.8 0.1 0
61.8 0.15 0
61.8 0.2 0
61.8 0.25 0
61.8 0.3 0
61.8 0.35 0
61.8 0.4 0
61.8 0.45 0
61.8 0.5 0
61.8 0.55 0
61.8 0.6 0
61.8 0.65 0.02
61.8 0.7 0.02
61.8 0.75 0.12
61.8 0.8 0.14
61.8 0.85 0.36
61.8 0.9 0.56
61.8 0.95 0.38
62.3 0 0
62.3 0.05 0
62.3 0.1 0
62.3 0.15 0
62.3 0.2 0
62.3 0.25 0
62.3 0.3 0
62.3 0.35 0
62.3 0.4 0
62.3 0.45 0
62.3 0.5 0
62.3 0.55 0
62.3 0.6 0
62.3 0.65 0.04
62.3 0.7 0.06
62.3 0.75 0.08
62.3 0.8 0.26
62.3 0.85 0.3
62.3 0.9 0.6
62.3 0.95 0.46
62.8 0 0
62.8 0.05 0
62.8 0.1 0
62.8 0.15 0
62.8 0.2 0
62.8 0.25 0
62.8 0.3 0
62.8 0.35 0
62.8 0.4 0
62.8 0.45 0
62.8 0.5 0
62.8 0.55 0
62.8 0.6 0.02
62.8 0.65 0.02
62.8 0.7 0.08
62.8 0.75 0.26
62.8 0.8 0.22
62.8 0.85 0.48
62.8 0.9 0.46
62.8 0.95 0.42
63.3 0 0
63.3 0.05 0
63.3 0.1 0
63.3 0.15 0
63.3 0.2 0
63.3 0.25 0
63.3 0.3 0
63.3 0.35 0
63.3 0.4 0
63.3 0.45 0
63.3 0.5 0
63.3 0.55 0
63.3 0.6 0
63.3 0.65 0.02
63.3 0.7 0.08
63.3 0.75 0.06
63.3 0.8 0.26
63.3 0.85 0.28
63.3 0.9 0.44
63.3 0.95 0.48
63.8 0 0
63.8 0.05 0
63.8 0.1 0
63.8 0.15 0
63.8 0.2 0
63.8 0.25 0
63.8 0.3 0
63.8 0.35 0
63.8 0.4 0
63.8 0.45 0
63.8 0.5 0.02
63.8 0.55 0
63.8 0.6 0.04
63.8 0.65 0.02
63.8 0.7 0.04
63.8 0.75 0.06
63.8 0.8 0.26
63.8 0.85 0.46
63.8 0.9 0.54
63.8 0.95 0.36
64.3 0 0
64.3 0.05 0
64.3 0.1 0
64.3 0.15 0
64.3 0.2 0
64.3 0.25 0
64.3 0.3 0
64.3 0.35 0
64.3 0.4 0
64.3 0.45 0
64.3 0.5 0
64.3 0.55 0.02
64.3 0.6 0
64.3 0.65 0
64.3 0.7 0.06
64.3 0.75 0.04
64.3 0.8 0.22
64.3 0.85 0.26
64.3 0.9 0.46
64.3 0.95 0.4
64.8 0 0
64.8 0.05 0
64.8 0.1 0
64.8 0.15 0
64.8 0.2 0
64.8 0.25 0
64.8 0.3 0
64.8 0.35 0
64.8 0.4 0
64.8 0.45 0
64.8 0.5 0.02
64.8 0.55 0
64.8 0.6 0
64.8 0.65 0
64.8 0.7 0.04
64.8 0.75 0.08
64.8 0.8 0.26
64.8 0.85 0.38
64.8 0.9 0.5
64.8 0.95 0.3
65.3 0 0
65.3 0.05 0
65.3 0.1 0
65.3 0.15 0
65.3 0.2 0
65.3 0.25 0
65.3 0.3 0
65.3 0.35 0
65.3 0.4 0
65.3 0.45 0
65.3 0.5 0
65.3 0.55 0
65.3 0.6 0
65.3 0.65 0
65.3 0.7 0.04
65.3 0.75 0.12
65.3 0.8 0.1
65.3 0.85 0.24
65.3 0.9 0.62
65.3 0.95 0.28
65.8 0 0
65.8 0.05 0
65.8 0.1 0
65.8 0.15 0
65.8 0.2 0
65.8 0.25 0
65.8 0.3 0
65.8 0.35 0
65.8 0.4 0
65.8 0.45 0.02
65.8 0.5 0
65.8 0.55 0
65.8 0.6 0
65.8 0.65 0.04
65.8 0.7 0
65.8 0.75 0.1
65.8 0.8 0.02
65.8 0.85 0.28
65.8 0.9 0.52
65.8 0.95 0.3
66.3 0 0
66.3 0.05 0
66.3 0.1 0
66.3 0.15 0
66.3 0.2 0
66.3 0.25 0
66.3 0.3 0
66.3 0.35 0
66.3 0.4 0
66.3 0.45 0
66.3 0.5 0
66.3 0.55 0
66.3 0.6 0
66.3 0.65 0
66.3 0.7 0.04
66.3 0.75 0.16
66.3 0.8 0.24
66.3 0.85 0.32
66.3 0.9 0.46
66.3 0.95 0.46
66.8 0 0
66.8 0.05 0
66.8 0.1 0
66.8 0.15 0
66.8 0.2 0
66.8 0.25 0
66.8 0.3 0
66.8 0.35 0
66.8 0.4 0
66.8 0.45 0
66.8 0.5 0
66.8 0.55 0
66.8 0.6 0.02
66.8 0.65 0.02
66.8 0.7 0
66.8 0.75 0.02
66.8 0.8 0.14
66.8 0.85 0.24
66.8 0.9 0.46
66.8 0.95 0.46
67.3 0 0
67.3 0.05 0
67.3 0.1 0
67.3 0.15 0
67.3 0.2 0
67.3 0.25 0
67.3 0.3 0
67.3 0.35 0
67.3 0.4 0
67.3 0.45 0
67.3 0.5 0
67.3 0.55 0
67.3 0.6 0
67.3 0.65 0.02
67.3 0.7 0
67.3 0.75 0.08
67.3 0.8 0.16
67.3 0.85 0.26
67.3 0.9 0.5
67.3 0.95 0.42
67.8 0 0
67.8 0.05 0
67.8 0.1 0
67.8 0.15 0
67.8 0.2 0
67.8 0.25 0
67.8 0.3 0
67.8 0.35 0
67.8 0.4 0
67.8 0.45 0
67.8 0.5 0
67.8 0.55 0
67.8 0.6 0
67.8 0.65 0
67.8 0.7 0.06
67.8 0.75 0.06
67.8 0.8 0.16
67.8 0.85 0.3
67.8 0.9 0.36
67.8 0.95 0.32
68.3 0 0
68.3 0.05 0
68.3 0.1 0
68.3 0.15 0
68.3 0.2 0
68.3 0.25 0
68.3 0.3 0
68.3 0.35 0
68.3 0.4 0
68.3 0.45 0
68.3 0.5 0
68.3 0.55 0
68.3 0.6 0
68.3 0.65 0
68.3 0.7 0
68.3 0.75 0.1
68.3 0.8 0.2
68.3 0.85 0.38
68.3 0.9 0.34
68.3 0.95 0.3
68.8 0 0
68.8 0.05 0
68.8 0.1 0
68.8 0.15 0
68.8 0.2 0
68.8 0.25 0
68.8 0.3 0
68.8 0.35 0
68.8 0.4 0
68.8 0.45 0
68.8 0.5 0
68.8 0.55 0
68.8 0.6 0.02
68.8 0.65 0.04
68.8 0.7 0.06
68.8 0.75 0.04
68.8 0.8 0.12
68.8 0.85 0.32
68.8 0.9 0.32
68.8 0.95 0.38
69.3 0 0
69.3 0.05 0
69.3 0.1 0
69.3 0.15 0
69.3 0.2 0
69.3 0.25 0
69.3 0.3 0
69.3 0.35 0
69.3 0.4 0
69.3 0.45 0
69.3 0.5 0
69.3 0.55 0
69.3 0.6 0
69.3 0.65 0
69.3 0.7 0.02
69.3 0.75 0.1
69.3 0.8 0.1
69.3 0.85 0.32
69.3 0.9 0.52
69.3 0.95 0.34
69.8 0 0
69.8 0.05 0
69.8 0.1 0
69.8 0.15 0
69.8 0.2 0
69.8 0.25 0
69.8 0.3 0
69.8 0.35 0
69.8 0.4 0
69.8 0.45 0
69.8 0.5 0
69.8 0.55 0.02
69.8 0.6 0
69.8 0.65 0
69.8 0.7 0.04
69.8 0.75 0.08
69.8 0.8 0.08
69.8 0.85 0.2
69.8 0.9 0.48
69.8 0.95 0.32
70.3 0 0
