3.8 0 0
3.8 0.01 0
3.8 0.02 0
3.8 0.03 0
3.8 0.04 0
3.8 0.05 0
3.8 0.06 0
3.8 0.07 0
3.8 0.08 0
3.8 0.09 0
3.8 0.1 0
3.8 0.11 0
3.8 0.12 0
3.8 0.13 0
3.8 0.14 0
3.8 0.15 0
3.8 0.16 0
3.8 0.17 0
3.8 0.18 0
3.8 0.19 0
3.8 0.2 0
3.8 0.21 0
3.8 0.22 0.02
3.8 0.23 0.04
3.8 0.24 0.02
3.8 0.25 0
3.8 0.26 0.02
3.8 0.27 0.02
3.8 0.28 0.06
3.8 0.29 0.06
3.8 0.3 0.04
3.8 0.31 0.04
3.8 0.32 0.14
3.8 0.33 0.18
3.8 0.34 0.3
3.8 0.35 0.3
3.8 0.36 0.3
3.8 0.37 0.34
3.8 0.38 0.46
3.8 0.39 0.66
3.8 0.4 0.64
3.8 0.41 0.82
3.8 0.42 0.9
3.8 0.43 0.92
3.8 0.44 0.98
3.8 0.45 1
3.8 0.46 0.98
3.8 0.47 1
3.8 0.48 1
3.8 0.49 1
3.8 0.5 1
3.8 0.51 1
3.8 0.52 1
3.8 0.53 1
3.8 0.54 1
3.8 0.55 1
3.8 0.56 1
3.8 0.57 1
3.8 0.58 1
3.8 0.59 1
3.8 0.6 1
3.8 0.61 1
3.8 0.62 1
3.8 0.63 1
3.8 0.64 1
3.8 0.65 1
3.8 0.66 1
3.8 0.67 1
3.8 0.68 1
3.8 0.69 1
3.8 0.7 1
3.8 0.71 1
3.8 0.72 1
3.8 0.73 1
3.8 0.74 1
3.8 0.75 1
3.8 0.76 1
3.8 0.77 1
3.8 0.78 1
3.8 0.79 1
3.8 0.8 1
3.8 0.81 1
3.8 0.82 1
3.8 0.83 1
3.8 0.84 1
3.8 0.85 1
3.8 0.86 1
3.8 0.87 1
3.8 0.88 1
3.8 0.89 1
3.8 0.9 1
3.8 0.91 1
3.8 0.92 1
3.8 0.93 1
3.8 0.94 1
3.8 0.95 1
3.8 0.96 1
3.8 0.97 1
3.8 0.98 1
3.8 0.99 1
4.3 0 0
4.3 0.01 0
4.3 0.02 0
4.3 0.03 0
4.3 0.04 0
4.3 0.05 0
4.3 0.06 0
4.3 0.07 0
4.3 0.08 0
4.3 0.09 0
4.3 0.1 0
4.3 0.11 0
4.3 0.12 0
4.3 0.13 0
4.3 0.14 0
4.3 0.15 0
4.3 0.16 0
4.3 0.17 0
4.3 0.18 0
4.3 0.19 0
4.3 0.2 0
4.3 0.21 0
4.3 0.22 0
4.3 0.23 0
4.3 0.24 0
4.3 0.25 0.02
4.3 0.26 0
4.3 0.27 0
4.3 0.28 0.02
4.3 0.29 0
4.3 0.3 0.02
4.3 0.31 0.06
4.3 0.32 0.12
4.3 0.33 0.14
4.3 0.34 0.16
4.3 0.35 0.16
4.3 0.36 0.26
4.3 0.37 0.42
4.3 0.38 0.52
4.3 0.39 0.42
4.3 0.4 0.56
4.3 0.41 0.66
4.3 0.42 0.88
4.3 0.43 0.78
4.3 0.44 0.88
4.3 0.45 0.96
4.3 0.46 0.96
4.3 0.47 0.98
4.3 0.48 0.98
4.3 0.49 1
4.3 0.5 1
4.3 0.51 1
4.3 0.52 1
4.3 0.53 1
4.3 0.54 1
4.3 0.55 1
4.3 0.56 1
4.3 0.57 1
4.3 0.58 1
4.3 0.59 1
4.3 0.6 1
4.3 0.61 1
4.3 0.62 1
4.3 0.63 1
4.3 0.64 1
4.3 0.65 1
4.3 0.66 1
4.3 0.67 1
4.3 0.68 1
4.3 0.69 1
4.3 0.7 1
4.3 0.71 1
4.3 0.72 1
4.3 0.73 1
4.3 0.74 1
4.3 0.75 1
4.3 0.76 1
4.3 0.77 1
4.3 0.78 1
4.3 0.79 1
4.3 0.8 1
4.3 0.81 1
4.3 0.82 1
4.3 0.83 1
4.3 0.84 1
4.3 0.85 1
4.3 0.86 1
4.3 0.87 1
4.3 0.88 1
4.3 0.89 1
4.3 0.9 1
4.3 0.91 1
4.3 0.92 1
4.3 0.93 1
4.3 0.94 1
4.3 0.95 1
4.3 0.96 1
4.3 0.97 1
4.3 0.98 1
4.3 0.99 1
4.8 0 0
4.8 0.01 0
4.8 0.02 0
4.8 0.03 0
4.8 0.04 0
4.8 0.05 0
4.8 0.06 0
4.8 0.07 0
4.8 0.08 0
4.8 0.09 0
4.8 0.1 0
4.8 0.11 0
4.8 0.12 0
4.8 0.13 0
4.8 0.14 0
4.8 0.15 0
4.8 0.16 0
4.8 0.17 0
4.8 0.18 0
4.8 0.19 0
4.8 0.2 0
4.8 0.21 0
4.8 0.22 0.02
4.8 0.23 0.02
4.8 0.24 0
4.8 0.25 0
4.8 0.26 0.02
4.8 0.27 0.02
4.8 0.28 0.04
4.8 0.29 0.04
4.8 0.3 0.06
4.8 0.31 0.12
4.8 0.32 0.08
4.8 0.33 0.04
4.8 0.34 0.18
4.8 0.35 0.16
4.8 0.36 0.26
4.8 0.37 0.32
4.8 0.38 0.34
4.8 0.39 0.36
4.8 0.4 0.44
4.8 0.41 0.68
4.8 0.42 0.68
4.8 0.43 0.74
4.8 0.44 0.82
4.8 0.45 0.92
4.8 0.46 0.96
4.8 0.47 0.96
4.8 0.48 0.98
4.8 0.49 1
4.8 0.5 1
4.8 0.51 1
4.8 0.52 1
4.8 0.53 1
4.8 0.54 1
4.8 0.55 1
4.8 0.56 1
4.8 0.57 1
4.8 0.58 1
4.8 0.59 1
4.8 0.6 1
4.8 0.61 1
4.8 0.62 1
4.8 0.63 1
4.8 0.64 1
4.8 0.65 1
4.8 0.66 1
4.8 0.67 1
4.8 0.68 1
4.8 0.69 1
4.8 0.7 1
4.8 0.71 1
4.8 0.72 1
4.8 0.73 1
4.8 0.74 1
4.8 0.75 1
4.8 0.76 1
4.8 0.77 1
4.8 0.78 1
4.8 0.79 1
4.8 0.8 1
4.8 0.81 1
4.8 0.82 1
4.8 0.83 1
4.8 0.84 1
4.8 0.85 1
4.8 0.86 1
4.8 0.87 1
4.8 0.88 1
4.8 0.89 1
4.8 0.9 1
4.8 0.91 1
4.8 0.92 1
4.8 0.93 1
4.8 0.94 1
4.8 0.95 1
4.8 0.96 1
4.8 0.97 1
4.8 0.98 1
4.8 0.99 1
5.3 0 0
5.3 0.01 0
5.3 0.02 0
5.3 0.03 0
5.3 0.04 0
5.3 0.05 0
5.3 0.06 0
5.3 0.07 0
5.3 0.08 0
5.3 0.09 0
5.3 0.1 0
5.3 0.11 0
5.3 0.12 0
5.3 0.13 0
5.3 0.14 0
5.3 0.15 0
5.3 0.16 0
5.3 0.17 0
5.3 0.18 0.02
5.3 0.19 0
5.3 0.2 0
5.3 0.21 0
5.3 0.22 0.04
5.3 0.23 0.02
5.3 0.24 0
5.3 0.25 0.06
5.3 0.26 0.02
5.3 0.27 0.08
5.3 0.28 0.06
5.3 0.29 0.06
5.3 0.3 0.08
5.3 0.31 0.12
5.3 0.32 0.12
5.3 0.33 0.12
5.3 0.34 0.18
5.3 0.35 0.3
5.3 0.36 0.32
5.3 0.37 0.3
5.3 0.38 0.32
5.3 0.39 0.4
5.3 0.4 0.54
5.3 0.41 0.68
5.3 0.42 0.84
5.3 0.43 0.66
5.3 0.44 0.84
5.3 0.45 0.86
5.3 0.46 0.86
5.3 0.47 0.88
5.3 0.48 0.96
5.3 0.49 1
5.3 0.5 1
5.3 0.51 1
5.3 0.52 1
5.3 0.53 1
5.3 0.54 1
5.3 0.55 1
5.3 0.56 1
5.3 0.57 1
5.3 0.58 1
5.3 0.59 1
5.3 0.6 1
5.3 0.61 1
5.3 0.62 1
5.3 0.63 1
5.3 0.64 1
5.3 0.65 1
5.3 0.66 1
5.3 0.67 1
5.3 0.68 1
5.3 0.69 1
5.3 0.7 1
5.3 0.71 1
5.3 0.72 1
5.3 0.73 1
5.3 0.74 1
5.3 0.75 1
5.3 0.76 1
5.3 0.77 1
5.3 0.78 1
5.3 0.79 1
5.3 0.8 1
5.3 0.81 1
5.3 0.82 1
5.3 0.83 1
5.3 0.84 1
5.3 0.85 1
5.3 0.86 1
5.3 0.87 1
5.3 0.88 1
5.3 0.89 1
5.3 0.9 1
5.3 0.91 1
5.3 0.92 1
5.3 0.93 1
5.3 0.94 1
5.3 0.95 1
5.3 0.96 1
5.3 0.97 1
5.3 0.98 1
5.3 0.99 1
5.8 0 0
5.8 0.01 0
5.8 0.02 0
5.8 0.03 0
5.8 0.04 0
5.8 0.05 0
5.8 0.06 0
5.8 0.07 0
5.8 0.08 0
5.8 0.09 0
5.8 0.1 0
5.8 0.11 0
5.8 0.12 0
5.8 0.13 0
5.8 0.14 0
5.8 0.15 0
5.8 0.16 0
5.8 0.17 0
5.8 0.18 0
5.8 0.19 0
5.8 0.2 0.02
5.8 0.21 0.02
5.8 0.22 0.02
5.8 0.23 0.04
5.8 0.24 0.04
5.8 0.25 0.04
5.8 0.26 0
5.8 0.27 0.06
5.8 0.28 0.08
5.8 0.29 0.02
5.8 0.3 0.08
5.8 0.31 0.18
5.8 0.32 0.18
5.8 0.33 0.24
5.8 0.34 0.24
5.8 0.35 0.36
5.8 0.36 0.42
5.8 0.37 0.34
5.8 0.38 0.46
5.8 0.39 0.52
5.8 0.4 0.6
5.8 0.41 0.5
5.8 0.42 0.64
5.8 0.43 0.72
5.8 0.44 0.64
5.8 0.45 0.96
5.8 0.46 0.88
5.8 0.47 0.88
5.8 0.48 0.94
5.8 0.49 0.98
5.8 0.5 0.92
5.8 0.51 1
5.8 0.52 1
5.8 0.53 1
5.8 0.54 1
5.8 0.55 1
5.8 0.56 1
5.8 0.57 1
5.8 0.58 1
5.8 0.59 1
5.8 0.6 1
5.8 0.61 1
5.8 0.62 1
5.8 0.63 1
5.8 0.64 1
5.8 0.65 1
5.8 0.66 1
5.8 0.67 1
5.8 0.68 1
5.8 0.69 1
5.8 0.7 1
5.8 0.71 1
5.8 0.72 1
5.8 0.73 1
5.8 0.74 1
5.8 0.75 1
5.8 0.76 1
5.8 0.77 1
5.8 0.78 1
5.8 0.79 1
5.8 0.8 1
5.8 0.81 1
5.8 0.82 1
5.8 0.83 1
5.8 0.84 1
5.8 0.85 1
5.8 0.86 1
5.8 0.87 1
5.8 0.88 1
5.8 0.89 1
5.8 0.9 1
5.8 0.91 1
5.8 0.92 1
5.8 0.93 1
5.8 0.94 1
5.8 0.95 1
5.8 0.96 1
5.8 0.97 1
5.8 0.98 1
5.8 0.99 1
6.3 0 0
6.3 0.01 0
6.3 0.02 0
6.3 0.03 0
6.3 0.04 0
6.3 0.05 0
6.3 0.06 0
6.3 0.07 0
6.3 0.08 0
6.3 0.09 0
6.3 0.1 0
6.3 0.11 0
6.3 0.12 0
6.3 0.13 0
6.3 0.14 0
6.3 0.15 0
6.3 0.16 0
6.3 0.17 0
6.3 0.18 0.02
6.3 0.19 0
6.3 0.2 0
6.3 0.21 0.02
6.3 0.22 0.02
6.3 0.23 0.02
6.3 0.24 0.02
6.3 0.25 0.08
6.3 0.26 0.08
6.3 0.27 0.12
6.3 0.28 0.1
6.3 0.29 0
6.3 0.3 0.12
6.3 0.31 0.14
6.3 0.32 0.34
6.3 0.33 0.28
6.3 0.34 0.44
6.3 0.35 0.4
6.3 0.36 0.5
6.3 0.37 0.4
6.3 0.38 0.64
6.3 0.39 0.52
6.3 0.4 0.72
6.3 0.41 0.74
6.3 0.42 0.74
6.3 0.43 0.86
6.3 0.44 0.88
6.3 0.45 0.82
6.3 0.46 0.88
6.3 0.47 0.94
6.3 0.48 0.98
6.3 0.49 0.9
6.3 0.5 1
6.3 0.51 0.96
6.3 0.52 1
6.3 0.53 1
6.3 0.54 1
6.3 0.55 1
6.3 0.56 1
6.3 0.57 1
6.3 0.58 1
6.3 0.59 1
6.3 0.6 1
6.3 0.61 1
6.3 0.62 1
6.3 0.63 1
6.3 0.64 1
6.3 0.65 1
6.3 0.66 1
6.3 0.67 1
6.3 0.68 1
6.3 0.69 1
6.3 0.7 1
6.3 0.71 1
6.3 0.72 1
6.3 0.73 1
6.3 0.74 1
6.3 0.75 1
6.3 0.76 1
6.3 0.77 1
6.3 0.78 1
6.3 0.79 1
6.3 0.8 1
6.3 0.81 1
6.3 0.82 1
6.3 0.83 1
6.3 0.84 1
6.3 0.85 1
6.3 0.86 1
6.3 0.87 1
6.3 0.88 1
6.3 0.89 1
6.3 0.9 1
6.3 0.91 1
6.3 0.92 1
6.3 0.93 1
6.3 0.94 1
6.3 0.95 1
6.3 0.96 1
6.3 0.97 1
6.3 0.98 1
6.3 0.99 1
6.8 0 0
6.8 0.01 0
6.8 0.02 0
6.8 0.03 0
6.8 0.04 0
6.8 0.05 0
6.8 0.06 0
6.8 0.07 0
6.8 0.08 0
6.8 0.09 0
6.8 0.1 0
6.8 0.11 0.02
6.8 0.12 0
6.8 0.13 0
6.8 0.14 0
6.8 0.15 0
6.8 0.16 0
6.8 0.17 0.04
6.8 0.18 0.02
6.8 0.19 0.02
6.8 0.2 0.04
6.8 0.21 0.04
6.8 0.22 0.02
6.8 0.23 0.04
6.8 0.24 0.06
6.8 0.25 0.08
6.8 0.26 0.1
6.8 0.27 0.08
6.8 0.28 0.14
6.8 0.29 0.16
6.8 0.3 0.14
6.8 0.31 0.24
6.8 0.32 0.32
6.8 0.33 0.32
6.8 0.34 0.38
6.8 0.35 0.42
6.8 0.36 0.46
6.8 0.37 0.46
6.8 0.38 0.44
6.8 0.39 0.6
6.8 0.4 0.76
6.8 0.41 0.76
6.8 0.42 0.84
6.8 0.43 0.72
6.8 0.44 0.8
6.8 0.45 0.76
6.8 0.46 0.94
6.8 0.47 0.9
6.8 0.48 0.96
6.8 0.49 0.98
6.8 0.5 0.94
6.8 0.51 0.92
6.8 0.52 0.98
6.8 0.53 1
6.8 0.54 1
6.8 0.55 1
6.8 0.56 1
6.8 0.57 1
6.8 0.58 1
6.8 0.59 1
6.8 0.6 1
6.8 0.61 1
6.8 0.62 1
6.8 0.63 1
6.8 0.64 1
6.8 0.65 1
6.8 0.66 1
6.8 0.67 1
6.8 0.68 1
6.8 0.69 1
6.8 0.7 1
6.8 0.71 1
6.8 0.72 1
6.8 0.73 1
6.8 0.74 1
6.8 0.75 1
6.8 0.76 1
6.8 0.77 1
6.8 0.78 1
6.8 0.79 1
6.8 0.8 1
6.8 0.81 1
6.8 0.82 1
6.8 0.83 1
6.8 0.84 1
6.8 0.85 1
6.8 0.86 1
6.8 0.87 1
6.8 0.88 1
6.8 0.89 1
6.8 0.9 1
6.8 0.91 1
6.8 0.92 1
6.8 0.93 1
6.8 0.94 1
6.8 0.95 1
6.8 0.96 1
6.8 0.97 1
6.8 0.98 1
6.8 0.99 1
7.3 0 0
7.3 0.01 0
7.3 0.02 0
7.3 0.03 0
7.3 0.04 0
7.3 0.05 0
7.3 0.06 0
7.3 0.07 0
7.3 0.08 0
7.3 0.09 0
7.3 0.1 0
7.3 0.11 0
7.3 0.12 0
7.3 0.13 0
7.3 0.14 0
7.3 0.15 0
7.3 0.16 0.02
7.3 0.17 0.02
7.3 0.18 0.02
7.3 0.19 0.02
7.3 0.2 0.02
7.3 0.21 0.02
7.3 0.22 0.06
7.3 0.23 0
7.3 0.24 0.04
7.3 0.25 0.08
7.3 0.26 0.14
7.3 0.27 0.18
7.3 0.28 0.16
7.3 0.29 0.24
7.3 0.3 0.24
7.3 0.31 0.36
7.3 0.32 0.24
7.3 0.33 0.3
7.3 0.34 0.38
7.3 0.35 0.5
7.3 0.36 0.5
7.3 0.37 0.6
7.3 0.38 0.6
7.3 0.39 0.64
7.3 0.4 0.58
7.3 0.41 0.72
7.3 0.42 0.76
7.3 0.43 0.88
7.3 0.44 0.8
7.3 0.45 0.88
7.3 0.46 0.9
7.3 0.47 0.9
7.3 0.48 0.92
7.3 0.49 1
7.3 0.5 0.96
7.3 0.51 1
7.3 0.52 1
7.3 0.53 0.98
7.3 0.54 0.98
7.3 0.55 1
7.3 0.56 1
7.3 0.57 1
7.3 0.58 1
7.3 0.59 1
7.3 0.6 1
7.3 0.61 1
7.3 0.62 1
7.3 0.63 1
7.3 0.64 1
7.3 0.65 1
7.3 0.66 1
7.3 0.67 1
7.3 0.68 1
7.3 0.69 1
7.3 0.7 1
7.3 0.71 1
7.3 0.72 1
7.3 0.73 1
7.3 0.74 1
7.3 0.75 1
7.3 0.76 1
7.3 0.77 1
7.3 0.78 1
7.3 0.79 1
7.3 0.8 1
7.3 0.81 1
7.3 0.82 1
7.3 0.83 1
7.3 0.84 1
7.3 0.85 1
7.3 0.86 1
7.3 0.87 1
7.3 0.88 1
7.3 0.89 1
7.3 0.9 1
7.3 0.91 1
7.3 0.92 1
7.3 0.93 1
7.3 0.94 1
7.3 0.95 1
7.3 0.96 1
7.3 0.97 1
7.3 0.98 1
7.3 0.99 1
7.8 0 0
7.8 0.01 0
7.8 0.02 0
7.8 0.03 0
7.8 0.04 0
7.8 0.05 0
7.8 0.06 0
7.8 0.07 0
7.8 0.08 0
7.8 0.09 0
7.8 0.1 0
7.8 0.11 0
7.8 0.12 0
7.8 0.13 0
7.8 0.14 0.02
7.8 0.15 0
7.8 0.16 0
7.8 0.17 0
7.8 0.18 0.02
7.8 0.19 0
7.8 0.2 0.02
7.8 0.21 0.02
7.8 0.22 0.06
7.8 0.23 0.08
7.8 0.24 0.06
7.8 0.25 0.02
7.8 0.26 0.08
7.8 0.27 0.16
7.8 0.28 0.12
7.8 0.29 0.08
7.8 0.3 0.22
7.8 0.31 0.2
7.8 0.32 0.28
7.8 0.33 0.4
7.8 0.34 0.36
7.8 0.35 0.52
7.8 0.36 0.62
7.8 0.37 0.52
7.8 0.38 0.68
7.8 0.39 0.78
7.8 0.4 0.62
7.8 0.41 0.64
7.8 0.42 0.86
7.8 0.43 0.84
7.8 0.44 0.84
7.8 0.45 0.92
7.8 0.46 0.9
7.8 0.47 0.96
7.8 0.48 0.94
7.8 0.49 0.96
7.8 0.5 1
7.8 0.51 1
7.8 0.52 1
7.8 0.53 1
7.8 0.54 1
7.8 0.55 1
7.8 0.56 1
7.8 0.57 1
7.8 0.58 1
7.8 0.59 1
7.8 0.6 1
7.8 0.61 1
7.8 0.62 1
7.8 0.63 1
7.8 0.64 1
7.8 0.65 1
7.8 0.66 1
7.8 0.67 1
7.8 0.68 1
7.8 0.69 1
7.8 0.7 1
7.8 0.71 1
7.8 0.72 1
7.8 0.73 1
7.8 0.74 1
7.8 0.75 1
7.8 0.76 1
7.8 0.77 1
7.8 0.78 1
7.8 0.79 1
7.8 0.8 1
7.8 0.81 1
7.8 0.82 1
7.8 0.83 1
7.8 0.84 1
7.8 0.85 1
7.8 0.86 1
7.8 0.87 1
7.8 0.88 1
7.8 0.89 1
7.8 0.9 1
7.8 0.91 1
7.8 0.92 1
7.8 0.93 1
7.8 0.94 1
7.8 0.95 1
7.8 0.96 1
7.8 0.97 1
7.8 0.98 1
7.8 0.99 1
8.3 0 0
8.3 0.01 0
8.3 0.02 0
8.3 0.03 0
8.3 0.04 0
8.3 0.05 0
8.3 0.06 0
8.3 0.07 0
8.3 0.08 0
8.3 0.09 0
8.3 0.1 0
8.3 0.11 0
8.3 0.12 0
8.3 0.13 0
8.3 0.14 0
8.3 0.15 0
8.3 0.16 0
8.3 0.17 0.02
8.3 0.18 0.04
8.3 0.19 0.02
8.3 0.2 0.02
8.3 0.21 0
8.3 0.22 0.02
8.3 0.23 0.02
8.3 0.24 0.02
8.3 0.25 0
8.3 0.26 0.08
8.3 0.27 0.1
8.3 0.28 0.16
8.3 0.29 0.14
8.3 0.3 0.26
8.3 0.31 0.24
8.3 0.32 0.42
8.3 0.33 0.32
8.3 0.34 0.28
8.3 0.35 0.48
8.3 0.36 0.54
8.3 0.37 0.56
8.3 0.38 0.64
8.3 0.39 0.72
8.3 0.4 0.76
8.3 0.41 0.76
8.3 0.42 0.82
8.3 0.43 0.84
8.3 0.44 0.92
8.3 0.45 0.92
8.3 0.46 0.92
8.3 0.47 1
8.3 0.48 0.9
8.3 0.49 0.98
8.3 0.5 0.96
8.3 0.51 1
8.3 0.52 1
8.3 0.53 1
8.3 0.54 1
8.3 0.55 1
8.3 0.56 1
8.3 0.57 1
8.3 0.58 1
8.3 0.59 1
8.3 0.6 1
8.3 0.61 1
8.3 0.62 1
8.3 0.63 1
8.3 0.64 1
8.3 0.65 1
8.3 0.66 1
8.3 0.67 1
8.3 0.68 1
8.3 0.69 1
8.3 0.7 1
8.3 0.71 1
8.3 0.72 1
8.3 0.73 1
8.3 0.74 1
8.3 0.75 1
8.3 0.76 1
8.3 0.77 1
8.3 0.78 1
8.3 0.79 1
8.3 0.8 1
8.3 0.81 1
8.3 0.82 1
8.3 0.83 1
8.3 0.84 1
8.3 0.85 1
8.3 0.86 1
8.3 0.87 1
8.3 0.88 1
8.3 0.89 1
8.3 0.9 1
8.3 0.91 1
8.3 0.92 1
8.3 0.93 1
8.3 0.94 1
8.3 0.95 1
8.3 0.96 1
8.3 0.97 1
8.3 0.98 1
8.3 0.99 1
8.8 0 0
8.8 0.01 0
8.8 0.02 0
8.8 0.03 0
8.8 0.04 0
8.8 0.05 0
8.8 0.06 0
8.8 0.07 0
8.8 0.08 0
8.8 0.09 0
8.8 0.1 0
8.8 0.11 0
8.8 0.12 0.02
8.8 0.13 0
8.8 0.14 0
8.8 0.15 0
8.8 0.16 0
8.8 0.17 0
8.8 0.18 0.02
8.8 0.19 0.02
8.8 0.2 0.08
8.8 0.21 0.04
8.8 0.22 0.04
8.8 0.23 0.04
8.8 0.24 0.08
8.8 0.25 0.02
8.8 0.26 0.1
8.8 0.27 0.06
8.8 0.28 0.16
8.8 0.29 0.18
8.8 0.3 0.26
8.8 0.31 0.18
8.8 0.32 0.32
8.8 0.33 0.4
8.8 0.34 0.34
8.8 0.35 0.5
8.8 0.36 0.64
8.8 0.37 0.54
8.8 0.38 0.58
8.8 0.39 0.72
8.8 0.4 0.8
8.8 0.41 0.74
8.8 0.42 0.84
8.8 0.43 0.86
8.8 0.44 0.94
8.8 0.45 0.9
8.8 0.46 0.96
8.8 0.47 0.98
8.8 0.48 0.96
8.8 0.49 0.96
8.8 0.5 0.96
8.8 0.51 1
8.8 0.52 1
8.8 0.53 1
8.8 0.54 0.98
8.8 0.55 1
8.8 0.56 1
8.8 0.57 1
8.8 0.58 1
8.8 0.59 1
8.8 0.6 1
8.8 0.61 1
8.8 0.62 1
8.8 0.63 1
8.8 0.64 1
8.8 0.65 1
8.8 0.66 1
8.8 0.67 1
8.8 0.68 1
8.8 0.69 1
8.8 0.7 1
8.8 0.71 1
8.8 0.72 1
8.8 0.73 1
8.8 0.74 1
8.8 0.75 1
8.8 0.76 1
8.8 0.77 1
8.8 0.78 1
8.8 0.79 1
8.8 0.8 1
8.8 0.81 1
8.8 0.82 1
8.8 0.83 1
8.8 0.84 1
8.8 0.85 1
8.8 0.86 1
8.8 0.87 1
8.8 0.88 1
8.8 0.89 1
8.8 0.9 1
8.8 0.91 1
8.8 0.92 1
8.8 0.93 1
8.8 0.94 1
8.8 0.95 1
8.8 0.96 1
8.8 0.97 1
8.8 0.98 1
8.8 0.99 1
9.3 0 0
9.3 0.01 0
9.3 0.02 0
9.3 0.03 0
9.3 0.04 0
9.3 0.05 0
9.3 0.06 0
9.3 0.07 0
9.3 0.08 0
9.3 0.09 0
9.3 0.1 0
9.3 0.11 0
9.3 0.12 0
9.3 0.13 0
9.3 0.14 0
9.3 0.15 0
9.3 0.16 0
9.3 0.17 0
9.3 0.18 0.02
9.3 0.19 0
9.3 0.2 0
9.3 0.21 0
9.3 0.22 0.02
9.3 0.23 0.08
9.3 0.24 0.02
9.3 0.25 0.04
9.3 0.26 0.04
9.3 0.27 0.2
9.3 0.28 0.1
9.3 0.29 0.16
9.3 0.3 0.2
9.3 0.31 0.18
9.3 0.32 0.22
9.3 0.33 0.3
9.3 0.34 0.36
9.3 0.35 0.5
9.3 0.36 0.54
9.3 0.37 0.66
9.3 0.38 0.64
9.3 0.39 0.72
9.3 0.4 0.68
9.3 0.41 0.78
9.3 0.42 0.8
9.3 0.43 0.9
9.3 0.44 0.94
9.3 0.45 0.88
9.3 0.46 0.96
9.3 0.47 0.98
9.3 0.48 0.92
9.3 0.49 0.96
9.3 0.5 0.98
9.3 0.51 1
9.3 0.52 0.96
9.3 0.53 1
9.3 0.54 1
9.3 0.55 1
9.3 0.56 1
9.3 0.57 1
9.3 0.58 1
9.3 0.59 1
9.3 0.6 1
9.3 0.61 1
9.3 0.62 1
9.3 0.63 1
9.3 0.64 1
9.3 0.65 1
9.3 0.66 1
9.3 0.67 1
9.3 0.68 1
9.3 0.69 1
9.3 0.7 1
9.3 0.71 1
9.3 0.72 1
9.3 0.73 1
9.3 0.74 1
9.3 0.75 1
9.3 0.76 1
9.3 0.77 1
9.3 0.78 1
9.3 0.79 1
9.3 0.8 1
9.3 0.81 1
9.3 0.82 1
9.3 0.83 1
9.3 0.84 1
9.3 0.85 1
9.3 0.86 1
9.3 0.87 1
9.3 0.88 1
9.3 0.89 1
9.3 0.9 1
9.3 0.91 1
9.3 0.92 1
9.3 0.93 1
9.3 0.94 1
9.3 0.95 1
9.3 0.96 1
9.3 0.97 1
9.3 0.98 1
9.3 0.99 1
9.8 0 0
9.8 0.01 0
9.8 0.02 0
9.8 0.03 0
9.8 0.04 0
9.8 0.05 0
9.8 0.06 0
9.8 0.07 0
9.8 0.08 0
9.8 0.09 0
9.8 0.1 0
9.8 0.11 0
9.8 0.12 0
9.8 0.13 0
9.8 0.14 0
9.8 0.15 0
9.8 0.16 0
9.8 0.17 0
9.8 0.18 0
9.8 0.19 0.02
9.8 0.2 0
9.8 0.21 0.04
9.8 0.22 0.04
9.8 0.23 0.02
9.8 0.24 0.04
9.8 0.25 0
9.8 0.26 0.04
9.8 0.27 0.02
9.8 0.28 0.02
9.8 0.29 0.06
9.8 0.3 0.14
9.8 0.31 0.18
9.8 0.32 0.24
9.8 0.33 0.26
9.8 0.34 0.34
9.8 0.35 0.26
9.8 0.36 0.46
9.8 0.37 0.54
9.8 0.38 0.7
9.8 0.39 0.66
9.8 0.4 0.78
9.8 0.41 0.8
9.8 0.42 0.86
9.8 0.43 0.88
9.8 0.44 0.9
9.8 0.45 0.9
9.8 0.46 0.92
9.8 0.47 0.98
9.8 0.48 1
9.8 0.49 0.98
9.8 0.5 0.98
9.8 0.51 1
9.8 0.52 0.98
9.8 0.53 1
9.8 0.54 1
9.8 0.55 1
9.8 0.56 1
9.8 0.57 1
9.8 0.58 1
9.8 0.59 1
9.8 0.6 1
9.8 0.61 1
9.8 0.62 1
9.8 0.63 1
9.8 0.64 1
9.8 0.65 1
9.8 0.66 1
9.8 0.67 1
9.8 0.68 1
9.8 0.69 1
9.8 0.7 1
9.8 0.71 1
9.8 0.72 1
9.8 0.73 1
9.8 0.74 1
9.8 0.75 1
9.8 0.76 1
9.8 0.77 1
9.8 0.78 1
9.8 0.79 1
9.8 0.8 1
9.8 0.81 1
9.8 0.82 1
9.8 0.83 1
9.8 0.84 1
9.8 0.85 1
9.8 0.86 1
9.8 0.87 1
9.8 0.88 1
9.8 0.89 1
9.8 0.9 1
9.8 0.91 1
9.8 0.92 1
9.8 0.93 1
9.8 0.94 1
9.8 0.95 1
9.8 0.96 1
9.8 0.97 1
9.8 0.98 1
9.8 0.99 1
10.3 0 0
10.3 0.01 0
10.3 0.02 0
10.3 0.03 0
10.3 0.04 0
10.3 0.05 0
10.3 0.06 0
10.3 0.07 0
10.3 0.08 0
10.3 0.09 0
10.3 0.1 0
10.3 0.11 0
10.3 0.12 0
10.3 0.13 0
10.3 0.14 0
10.3 0.15 0
10.3 0.16 0
10.3 0.17 0
10.3 0.18 0
10.3 0.19 0
10.3 0.2 0
10.3 0.21 0
10.3 0.22 0.02
10.3 0.23 0
10.3 0.24 0.02
10.3 0.25 0
10.3 0.26 0.02
10.3 0.27 0.04
10.3 0.28 0.06
10.3 0.29 0.04
10.3 0.3 0.06
10.3 0.31 0.14
10.3 0.32 0.18
10.3 0.33 0.2
10.3 0.34 0.24
10.3 0.35 0.22
10.3 0.36 0.36
10.3 0.37 0.5
10.3 0.38 0.42
10.3 0.39 0.66
10.3 0.4 0.72
10.3 0.41 0.86
10.3 0.42 0.76
10.3 0.43 0.9
10.3 0.44 0.92
10.3 0.45 1
10.3 0.46 0.96
10.3 0.47 0.94
10.3 0.48 0.98
10.3 0.49 0.96
10.3 0.5 1
10.3 0.51 1
10.3 0.52 0.98
10.3 0.53 0.96
10.3 0.54 1
10.3 0.55 1
10.3 0.56 1
10.3 0.57 1
10.3 0.58 1
10.3 0.59 1
10.3 0.6 1
10.3 0.61 1
10.3 0.62 1
10.3 0.63 1
10.3 0.64 1
10.3 0.65 1
10.3 0.66 1
10.3 0.67 1
10.3 0.68 1
10.3 0.69 1
10.3 0.7 1
10.3 0.71 1
10.3 0.72 1
10.3 0.73 1
10.3 0.74 1
10.3 0.75 1
10.3 0.76 1
10.3 0.77 1
10.3 0.78 1
10.3 0.79 1
10.3 0.8 1
10.3 0.81 1
10.3 0.82 1
10.3 0.83 1
10.3 0.84 1
10.3 0.85 1
10.3 0.86 1
10.3 0.87 1
10.3 0.88 1
10.3 0.89 1
10.3 0.9 1
10.3 0.91 1
10.3 0.92 1
10.3 0.93 1
10.3 0.94 1
10.3 0.95 1
10.3 0.96 1
10.3 0.97 1
10.3 0.98 1
10.3 0.99 1
10.8 0 0
10.8 0.01 0
10.8 0.02 0
10.8 0.03 0
10.8 0.04 0
10.8 0.05 0
10.8 0.06 0
10.8 0.07 0
10.8 0.08 0
10.8 0.09 0
10.8 0.1 0
10.8 0.11 0
10.8 0.12 0
10.8 0.13 0
10.8 0.14 0
10.8 0.15 0
10.8 0.16 0
10.8 0.17 0
10.8 0.18 0
10.8 0.19 0.02
10.8 0.2 0
10.8 0.21 0
10.8 0.22 0
10.8 0.23 0
10.8 0.24 0
10.8 0.25 0
10.8 0.26 0.06
10.8 0.27 0.02
10.8 0.28 0
10.8 0.29 0.06
10.8 0.3 0.06
10.8 0.31 0.12
10.8 0.32 0.14
10.8 0.33 0.12
10.8 0.34 0.32
10.8 0.35 0.38
10.8 0.36 0.3
10.8 0.37 0.5
10.8 0.38 0.52
10.8 0.39 0.56
10.8 0.4 0.64
10.8 0.41 0.82
10.8 0.42 0.92
10.8 0.43 0.92
10.8 0.44 0.92
10.8 0.45 0.88
10.8 0.46 0.98
10.8 0.47 0.96
10.8 0.48 0.98
10.8 0.49 1
10.8 0.5 1
10.8 0.51 0.98
10.8 0.52 1
10.8 0.53 1
10.8 0.54 1
10.8 0.55 1
10.8 0.56 1
10.8 0.57 1
10.8 0.58 1
10.8 0.59 1
10.8 0.6 1
10.8 0.61 1
10.8 0.62 1
10.8 0.63 1
10.8 0.64 1
10.8 0.65 1
10.8 0.66 1
10.8 0.67 1
10.8 0.68 1
10.8 0.69 1
10.8 0.7 1
10.8 0.71 1
10.8 0.72 1
10.8 0.73 1
10.8 0.74 1
10.8 0.75 1
10.8 0.76 1
10.8 0.77 1
10.8 0.78 1
10.8 0.79 1
10.8 0.8 1
10.8 0.81 1
10.8 0.82 1
10.8 0.83 1
10.8 0.84 1
10.8 0.85 1
10.8 0.86 1
10.8 0.87 1
10.8 0.88 1
10.8 0.89 1
10.8 0.9 1
10.8 0.91 1
10.8 0.92 1
10.8 0.93 1
10.8 0.94 1
10.8 0.95 1
10.8 0.96 1
10.8 0.97 1
10.8 0.98 1
10.8 0.99 1
11.3 0 0
11.3 0.01 0
11.3 0.02 0
11.3 0.03 0
11.3 0.04 0
11.3 0.05 0
11.3 0.06 0
11.3 0.07 0
11.3 0.08 0
11.3 0.09 0
11.3 0.1 0
11.3 0.11 0
11.3 0.12 0
11.3 0.13 0
11.3 0.14 0
11.3 0.15 0
11.3 0.16 0
11.3 0.17 0
11.3 0.18 0
11.3 0.19 0
11.3 0.2 0
11.3 0.21 0
11.3 0.22 0
11.3 0.23 0
11.3 0.24 0.02
11.3 0.25 0
11.3 0.26 0.02
11.3 0.27 0.02
11.3 0.28 0.02
11.3 0.29 0.06
11.3 0.3 0.1
11.3 0.31 0.06
11.3 0.32 0.12
11.3 0.33 0.14
11.3 0.34 0.22
11.3 0.35 0.26
11.3 0.36 0.36
11.3 0.37 0.58
11.3 0.38 0.4
11.3 0.39 0.66
11.3 0.4 0.54
11.3 0.41 0.8
11.3 0.42 0.76
11.3 0.43 0.8
11.3 0.44 0.9
11.3 0.45 0.92
11.3 0.46 0.88
11.3 0.47 0.94
11.3 0.48 1
11.3 0.49 0.96
11.3 0.5 0.98
11.3 0.51 0.98
11.3 0.52 0.98
11.3 0.53 1
11.3 0.54 1
11.3 0.55 1
11.3 0.56 1
11.3 0.57 1
11.3 0.58 1
11.3 0.59 1
11.3 0.6 1
11.3 0.61 1
11.3 0.62 1
11.3 0.63 1
11.3 0.64 1
11.3 0.65 1
11.3 0.66 1
11.3 0.67 1
11.3 0.68 1
11.3 0.69 1
11.3 0.7 1
11.3 0.71 1
11.3 0.72 1
11.3 0.73 1
11.3 0.74 1
11.3 0.75 1
11.3 0.76 1
11.3 0.77 1
11.3 0.78 1
11.3 0.79 1
11.3 0.8 1
11.3 0.81 1
11.3 0.82 1
11.3 0.83 1
11.3 0.84 1
11.3 0.85 1
11.3 0.86 1
11.3 0.87 1
11.3 0.88 1
11.3 0.89 1
11.3 0.9 1
11.3 0.91 1
11.3 0.92 1
11.3 0.93 1
11.3 0.94 1
11.3 0.95 1
11.3 0.96 1
11.3 0.97 1
11.3 0.98 1
11.3 0.99 1
11.8 0 0
11.8 0.01 0
11.8 0.02 0
11.8 0.03 0
11.8 0.04 0
11.8 0.05 0
11.8 0.06 0
11.8 0.07 0
11.8 0.08 0
11.8 0.09 0
11.8 0.1 0
11.8 0.11 0
11.8 0.12 0
11.8 0.13 0
11.8 0.14 0
11.8 0.15 0
11.8 0.16 0
11.8 0.17 0
11.8 0.18 0
11.8 0.19 0
11.8 0.2 0
11.8 0.21 0
11.8 0.22 0
11.8 0.23 0
11.8 0.24 0.02
11.8 0.25 0.04
11.8 0.26 0.02
11.8 0.27 0.02
11.8 0.28 0.06
11.8 0.29 0.04
11.8 0.3 0.04
11.8 0.31 0.08
11.8 0.32 0.08
11.8 0.33 0.06
11.8 0.34 0.16
11.8 0.35 0.22
11.8 0.36 0.4
11.8 0.37 0.3
11.8 0.38 0.54
11.8 0.39 0.52
11.8 0.4 0.66
11.8 0.41 0.78
11.8 0.42 0.76
11.8 0.43 0.86
11.8 0.44 0.84
11.8 0.45 0.94
11.8 0.46 0.96
11.8 0.47 0.98
11.8 0.48 0.86
11.8 0.49 0.96
11.8 0.5 1
11.8 0.51 0.98
11.8 0.52 0.96
11.8 0.53 0.98
11.8 0.54 1
11.8 0.55 1
11.8 0.56 1
11.8 0.57 1
11.8 0.58 1
11.8 0.59 1
11.8 0.6 1
11.8 0.61 1
11.8 0.62 1
11.8 0.63 1
11.8 0.64 1
11.8 0.65 1
11.8 0.66 1
11.8 0.67 1
11.8 0.68 1
11.8 0.69 1
11.8 0.7 1
11.8 0.71 1
11.8 0.72 1
11.8 0.73 1
11.8 0.74 1
11.8 0.75 1
11.8 0.76 1
11.8 0.77 1
11.8 0.78 1
11.8 0.79 1
11.8 0.8 1
11.8 0.81 1
11.8 0.82 1
11.8 0.83 1
11.8 0.84 1
11.8 0.85 1
11.8 0.86 1
11.8 0.87 1
11.8 0.88 1
11.8 0.89 1
11.8 0.9 1
11.8 0.91 1
11.8 0.92 1
11.8 0.93 1
11.8 0.94 1
11.8 0.95 1
11.8 0.96 1
11.8 0.97 1
11.8 0.98 1
11.8 0.99 1
12.3 0 0
12.3 0.01 0
12.3 0.02 0
12.3 0.03 0
12.3 0.04 0
12.3 0.05 0
12.3 0.06 0
12.3 0.07 0
12.3 0.08 0
12.3 0.09 0
12.3 0.1 0
12.3 0.11 0
12.3 0.12 0
12.3 0.13 0
12.3 0.14 0
12.3 0.15 0
12.3 0.16 0
12.3 0.17 0
12.3 0.18 0
12.3 0.19 0
12.3 0.2 0
12.3 0.21 0
12.3 0.22 0.02
12.3 0.23 0
12.3 0.24 0.02
12.3 0.25 0
12.3 0.26 0.04
12.3 0.27 0.02
12.3 0.28 0.14
12.3 0.29 0
12.3 0.3 0.02
12.3 0.31 0.1
12.3 0.32 0.2
12.3 0.33 0.16
12.3 0.34 0.2
12.3 0.35 0.22
12.3 0.36 0.36
12.3 0.37 0.34
12.3 0.38 0.3
12.3 0.39 0.32
12.3 0.4 0.58
12.3 0.41 0.72
12.3 0.42 0.78
12.3 0.43 0.78
12.3 0.44 0.76
12.3 0.45 0.84
12.3 0.46 0.94
12.3 0.47 0.92
12.3 0.48 0.96
12.3 0.49 0.96
12.3 0.5 0.98
12.3 0.51 0.94
12.3 0.52 1
12.3 0.53 0.98
12.3 0.54 0.98
12.3 0.55 1
12.3 0.56 1
12.3 0.57 1
12.3 0.58 1
12.3 0.59 0.98
12.3 0.6 1
12.3 0.61 1
12.3 0.62 1
12.3 0.63 1
12.3 0.64 1
12.3 0.65 1
12.3 0.66 1
12.3 0.67 1
12.3 0.68 1
12.3 0.69 1
12.3 0.7 1
12.3 0.71 1
12.3 0.72 1
12.3 0.73 1
12.3 0.74 1
12.3 0.75 1
12.3 0.76 1
12.3 0.77 1
12.3 0.78 1
12.3 0.79 1
12.3 0.8 1
12.3 0.81 1
12.3 0.82 1
12.3 0.83 1
12.3 0.84 1
12.3 0.85 1
12.3 0.86 1
12.3 0.87 1
12.3 0.88 1
12.3 0.89 1
12.3 0.9 1
12.3 0.91 1
12.3 0.92 1
12.3 0.93 1
12.3 0.94 1
12.3 0.95 1
12.3 0.96 1
12.3 0.97 1
12.3 0.98 1
12.3 0.99 1
12.8 0 0
12.8 0.01 0
12.8 0.02 0
12.8 0.03 0
12.8 0.04 0
12.8 0.05 0
12.8 0.06 0
12.8 0.07 0
12.8 0.08 0
12.8 0.09 0
12.8 0.1 0
12.8 0.11 0
12.8 0.12 0
12.8 0.13 0
12.8 0.14 0
12.8 0.15 0
12.8 0.16 0
12.8 0.17 0
12.8 0.18 0
12.8 0.19 0
12.8 0.2 0
12.8 0.21 0
12.8 0.22 0
12.8 0.23 0.02
12.8 0.24 0.02
12.8 0.25 0.02
12.8 0.26 0.02
12.8 0.27 0
12.8 0.28 0.1
12.8 0.29 0.02
12.8 0.3 0.02
12.8 0.31 0.06
12.8 0.32 0.08
12.8 0.33 0.12
12.8 0.34 0.18
12.8 0.35 0.26
12.8 0.36 0.3
12.8 0.37 0.3
12.8 0.38 0.48
12.8 0.39 0.42
12.8 0.4 0.56
12.8 0.41 0.52
12.8 0.42 0.72
12.8 0.43 0.74
12.8 0.44 0.88
12.8 0.45 0.8
12.8 0.46 0.82
12.8 0.47 0.88
12.8 0.48 0.96
12.8 0.49 0.9
12.8 0.5 0.98
12.8 0.51 0.96
12.8 0.52 0.98
12.8 0.53 0.96
12.8 0.54 1
12.8 0.55 1
12.8 0.56 1
12.8 0.57 0.98
12.8 0.58 0.98
12.8 0.59 1
12.8 0.6 1
12.8 0.61 1
12.8 0.62 1
12.8 0.63 1
12.8 0.64 1
12.8 0.65 1
12.8 0.66 1
12.8 0.67 1
12.8 0.68 1
12.8 0.69 1
12.8 0.7 1
12.8 0.71 1
12.8 0.72 1
12.8 0.73 1
12.8 0.74 1
12.8 0.75 1
12.8 0.76 1
12.8 0.77 1
12.8 0.78 1
12.8 0.79 1
12.8 0.8 1
12.8 0.81 1
12.8 0.82 1
12.8 0.83 1
12.8 0.84 1
12.8 0.85 1
12.8 0.86 1
12.8 0.87 1
12.8 0.88 1
12.8 0.89 1
12.8 0.9 1
12.8 0.91 1
12.8 0.92 1
12.8 0.93 1
12.8 0.94 1
