69.8 0 0
69.8 0.05 0
69.8 0.1 0
69.8 0.15 0
69.8 0.2 0
69.8 0.25 0
69.8 0.3 0
69.8 0.35 0
69.8 0.4 0
69.8 0.45 0
69.8 0.5 0
69.8 0.55 0
69.8 0.6 0
69.8 0.65 0.04
69.8 0.7 0.04
69.8 0.75 0.02
69.8 0.8 0.18
69.8 0.85 0.22
69.8 0.9 0.46
69.8 0.95 0.36
70.3 0 0
70.3 0.05 0
70.3 0.1 0
70.3 0.15 0
70.3 0.2 0
70.3 0.25 0
70.3 0.3 0
70.3 0.35 0
70.3 0.4 0
70.3 0.45 0
70.3 0.5 0.02
70.3 0.55 0.02
70.3 0.6 0.04
70.3 0.65 0.02
70.3 0.7 0.02
70.3 0.75 0.02
70.3 0.8 0.2
70.3 0.85 0.26
70.3 0.9 0.48
70.3 0.95 0.3
70.8 0 0
70.8 0.05 0
70.8 0.1 0
70.8 0.15 0
70.8 0.2 0
70.8 0.25 0
70.8 0.3 0
70.8 0.35 0
70.8 0.4 0
70.8 0.45 0
70.8 0.5 0
70.8 0.55 0
70.8 0.6 0.04
70.8 0.65 0.02
70.8 0.7 0.04
70.8 0.75 0.04
70.8 0.8 0.12
70.8 0.85 0.22
70.8 0.9 0.4
70.8 0.95 0.28
71.3 0 0
71.3 0.05 0
71.3 0.1 0
71.3 0.15 0
71.3 0.2 0
71.3 0.25 0
71.3 0.3 0
71.3 0.35 0
71.3 0.4 0
71.3 0.45 0
71.3 0.5 0
71.3 0.55 0
71.3 0.6 0
71.3 0.65 0.04
71.3 0.7 0
71.3 0.75 0.02
71.3 0.8 0.08
71.3 0.85 0.22
71.3 0.9 0.34
71.3 0.95 0.16
71.8 0 0
71.8 0.05 0
71.8 0.1 0
71.8 0.15 0
71.8 0.2 0
71.8 0.25 0
71.8 0.3 0
71.8 0.35 0
71.8 0.4 0
71.8 0.45 0
71.8 0.5 0
71.8 0.55 0
71.8 0.6 0
71.8 0.65 0.02
71.8 0.7 0.06
71.8 0.75 0.06
71.8 0.8 0.14
71.8 0.85 0.18
71.8 0.9 0.4
71.8 0.95 0.26
72.3 0 0
72.3 0.05 0
72.3 0.1 0
72.3 0.15 0
72.3 0.2 0
72.3 0.25 0
72.3 0.3 0
72.3 0.35 0
72.3 0.4 0
72.3 0.45 0
72.3 0.5 0
72.3 0.55 0
72.3 0.6 0
72.3 0.65 0
72.3 0.7 0.06
72.3 0.75 0.1
72.3 0.8 0.06
72.3 0.85 0.22
72.3 0.9 0.46
72.3 0.95 0.34
72.8 0 0
72.8 0.05 0
72.8 0.1 0
72.8 0.15 0
72.8 0.2 0
72.8 0.25 0
72.8 0.3 0
72.8 0.35 0
72.8 0.4 0
72.8 0.45 0
72.8 0.5 0
72.8 0.55 0
72.8 0.6 0
72.8 0.65 0
72.8 0.7 0
72.8 0.75 0.04
72.8 0.8 0.18
72.8 0.85 0.2
72.8 0.9 0.42
72.8 0.95 0.34
73.3 0 0
73.3 0.05 0
73.3 0.1 0
73.3 0.15 0
73.3 0.2 0
73.3 0.25 0
73.3 0.3 0
73.3 0.35 0
73.3 0.4 0
73.3 0.45 0
73.3 0.5 0
73.3 0.55 0
73.3 0.6 0
73.3 0.65 0.02
73.3 0.7 0.04
73.3 0.75 0.04
73.3 0.8 0.14
73.3 0.85 0.18
73.3 0.9 0.34
73.3 0.95 0.18
73.8 0 0
73.8 0.05 0
73.8 0.1 0
73.8 0.15 0
73.8 0.2 0
73.8 0.25 0
73.8 0.3 0
73.8 0.35 0
73.8 0.4 0
73.8 0.45 0
73.8 0.5 0
73.8 0.55 0
73.8 0.6 0
73.8 0.65 0
73.8 0.7 0.02
73.8 0.75 0.04
73.8 0.8 0.1
73.8 0.85 0.16
73.8 0.9 0.34
73.8 0.95 0.3
74.3 0 0
74.3 0.05 0
74.3 0.1 0
74.3 0.15 0
74.3 0.2 0
74.3 0.25 0
74.3 0.3 0
74.3 0.35 0
74.3 0.4 0
74.3 0.45 0
74.3 0.5 0
74.3 0.55 0
74.3 0.6 0
74.3 0.65 0
74.3 0.7 0.04
74.3 0.75 0.06
74.3 0.8 0.1
74.3 0.85 0.2
74.3 0.9 0.3
74.3 0.95 0.3
74.8 0 0
74.8 0.05 0
74.8 0.1 0
74.8 0.15 0
74.8 0.2 0
74.8 0.25 0
74.8 0.3 0
74.8 0.35 0
74.8 0.4 0
74.8 0.45 0
74.8 0.5 0
74.8 0.55 0
74.8 0.6 0
74.8 0.65 0
74.8 0.7 0
74.8 0.75 0.06
74.8 0.8 0.14
74.8 0.85 0.14
74.8 0.9 0.3
74.8 0.95 0.26
75.3 0 0
75.3 0.05 0
75.3 0.1 0
75.3 0.15 0
75.3 0.2 0
75.3 0.25 0
75.3 0.3 0
75.3 0.35 0
75.3 0.4 0
75.3 0.45 0
75.3 0.5 0
75.3 0.55 0
75.3 0.6 0
75.3 0.65 0
75.3 0.7 0.02
75.3 0.75 0
75.3 0.8 0.02
75.3 0.85 0.14
75.3 0.9 0.26
75.3 0.95 0.3
75.8 0 0
75.8 0.05 0
75.8 0.1 0
75.8 0.15 0
75.8 0.2 0
75.8 0.25 0
75.8 0.3 0
75.8 0.35 0
75.8 0.4 0
75.8 0.45 0
75.8 0.5 0
75.8 0.55 0
75.8 0.6 0
75.8 0.65 0
75.8 0.7 0
75.8 0.75 0.08
75.8 0.8 0.04
75.8 0.85 0.16
75.8 0.9 0.36
75.8 0.95 0.3
76.3 0 0
76.3 0.05 0
76.3 0.1 0
76.3 0.15 0
76.3 0.2 0
76.3 0.25 0
76.3 0.3 0
76.3 0.35 0
76.3 0.4 0
76.3 0.45 0
76.3 0.5 0
76.3 0.55 0
76.3 0.6 0
76.3 0.65 0
76.3 0.7 0
76.3 0.75 0.06
76.3 0.8 0.04
76.3 0.85 0.16
76.3 0.9 0.38
76.3 0.95 0.2
76.8 0 0
76.8 0.05 0
76.8 0.1 0
76.8 0.15 0
76.8 0.2 0
76.8 0.25 0
76.8 0.3 0
76.8 0.35 0
76.8 0.4 0
76.8 0.45 0
76.8 0.5 0
76.8 0.55 0
76.8 0.6 0
76.8 0.65 0.02
76.8 0.7 0.04
76.8 0.75 0.04
76.8 0.8 0.08
76.8 0.85 0.2
76.8 0.9 0.44
76.8 0.95 0.24
77.3 0 0
77.3 0.05 0
77.3 0.1 0
77.3 0.15 0
77.3 0.2 0
77.3 0.25 0
77.3 0.3 0
77.3 0.35 0
77.3 0.4 0
77.3 0.45 0
77.3 0.5 0
77.3 0.55 0
77.3 0.6 0
77.3 0.65 0
77.3 0.7 0.02
77.3 0.75 0.06
77.3 0.8 0.08
77.3 0.85 0.14
77.3 0.9 0.28
77.3 0.95 0.12
77.8 0 0
77.8 0.05 0
77.8 0.1 0
77.8 0.15 0
77.8 0.2 0
77.8 0.25 0
77.8 0.3 0
77.8 0.35 0
77.8 0.4 0
77.8 0.45 0
77.8 0.5 0
77.8 0.55 0
77.8 0.6 0
77.8 0.65 0
77.8 0.7 0.02
77.8 0.75 0.04
77.8 0.8 0.1
77.8 0.85 0.1
77.8 0.9 0.32
77.8 0.95 0.2
78.3 0 0
78.3 0.05 0
78.3 0.1 0
78.3 0.15 0
78.3 0.2 0
78.3 0.25 0
78.3 0.3 0
78.3 0.35 0
78.3 0.4 0
78.3 0.45 0
78.3 0.5 0
78.3 0.55 0
78.3 0.6 0.04
78.3 0.65 0
78.3 0.7 0.02
78.3 0.75 0.04
78.3 0.8 0.02
78.3 0.85 0.18
78.3 0.9 0.28
78.3 0.95 0.18
78.8 0 0
78.8 0.05 0
78.8 0.1 0
78.8 0.15 0
78.8 0.2 0
78.8 0.25 0
78.8 0.3 0
78.8 0.35 0
78.8 0.4 0
78.8 0.45 0
78.8 0.5 0
78.8 0.55 0
78.8 0.6 0
78.8 0.65 0
78.8 0.7 0.02
78.8 0.75 0
78.8 0.8 0.06
78.8 0.85 0.08
78.8 0.9 0.22
78.8 0.95 0.22
79.3 0 0
79.3 0.05 0
79.3 0.1 0
79.3 0.15 0
79.3 0.2 0
79.3 0.25 0
79.3 0.3 0
79.3 0.35 0
79.3 0.4 0
79.3 0.45 0
79.3 0.5 0.02
79.3 0.55 0
79.3 0.6 0
79.3 0.65 0
79.3 0.7 0
79.3 0.75 0.02
79.3 0.8 0.08
79.3 0.85 0.16
79.3 0.9 0.26
79.3 0.95 0.2
79.8 0 0
79.8 0.05 0
79.8 0.1 0
79.8 0.15 0
79.8 0.2 0
79.8 0.25 0
79.8 0.3 0
79.8 0.35 0
79.8 0.4 0
79.8 0.45 0
79.8 0.5 0
79.8 0.55 0
79.8 0.6 0
79.8 0.65 0
79.8 0.7 0.02
79.8 0.75 0.04
79.8 0.8 0.06
79.8 0.85 0.08
79.8 0.9 0.32
79.8 0.95 0.14
80.3 0 0
80.3 0.05 0
80.3 0.1 0
80.3 0.15 0
80.3 0.2 0
80.3 0.25 0
80.3 0.3 0
80.3 0.35 0
80.3 0.4 0
80.3 0.45 0
80.3 0.5 0
80.3 0.55 0
80.3 0.6 0
80.3 0.65 0
80.3 0.7 0
80.3 0.75 0.02
80.3 0.8 0
80.3 0.85 0.14
80.3 0.9 0.22
80.3 0.95 0.08
80.8 0 0
80.8 0.05 0
80.8 0.1 0
80.8 0.15 0
80.8 0.2 0
80.8 0.25 0
80.8 0.3 0
80.8 0.35 0
80.8 0.4 0
80.8 0.45 0
80.8 0.5 0
80.8 0.55 0
80.8 0.6 0
80.8 0.65 0
80.8 0.7 0.02
80.8 0.75 0.08
80.8 0.8 0.04
80.8 0.85 0.18
80.8 0.9 0.24
80.8 0.95 0.14
81.3 0 0
81.3 0.05 0
81.3 0.1 0
81.3 0.15 0
81.3 0.2 0
81.3 0.25 0
81.3 0.3 0
81.3 0.35 0
81.3 0.4 0
81.3 0.45 0
81.3 0.5 0
81.3 0.55 0
81.3 0.6 0
81.3 0.65 0
81.3 0.7 0
81.3 0.75 0
81.3 0.8 0.1
81.3 0.85 0.12
81.3 0.9 0.26
81.3 0.95 0.34
81.8 0 0
81.8 0.05 0
81.8 0.1 0
81.8 0.15 0
81.8 0.2 0
81.8 0.25 0
81.8 0.3 0
81.8 0.35 0
81.8 0.4 0
81.8 0.45 0
81.8 0.5 0
81.8 0.55 0
81.8 0.6 0
81.8 0.65 0
81.8 0.7 0
81.8 0.75 0.08
81.8 0.8 0.02
81.8 0.85 0.1
81.8 0.9 0.22
81.8 0.95 0.22
82.3 0 0
82.3 0.05 0
82.3 0.1 0
82.3 0.15 0
82.3 0.2 0
82.3 0.25 0
82.3 0.3 0
82.3 0.35 0
82.3 0.4 0
82.3 0.45 0
82.3 0.5 0
82.3 0.55 0
82.3 0.6 0
82.3 0.65 0
82.3 0.7 0.02
82.3 0.75 0.02
82.3 0.8 0.06
82.3 0.85 0.14
82.3 0.9 0.1
82.3 0.95 0.1
82.8 0 0
82.8 0.05 0
82.8 0.1 0
82.8 0.15 0
82.8 0.2 0
82.8 0.25 0
82.8 0.3 0
82.8 0.35 0
82.8 0.4 0
82.8 0.45 0
82.8 0.5 0
82.8 0.55 0
82.8 0.6 0
82.8 0.65 0
82.8 0.7 0.02
82.8 0.75 0.04
82.8 0.8 0.06
82.8 0.85 0.16
82.8 0.9 0.14
82.8 0.95 0.1
83.3 0 0
83.3 0.05 0
83.3 0.1 0
83.3 0.15 0
83.3 0.2 0
83.3 0.25 0
83.3 0.3 0
83.3 0.35 0
83.3 0.4 0
83.3 0.45 0
83.3 0.5 0
83.3 0.55 0
83.3 0.6 0
83.3 0.65 0
83.3 0.7 0.04
83.3 0.75 0.02
83.3 0.8 0.08
83.3 0.85 0.16
83.3 0.9 0.16
83.3 0.95 0.16
83.8 0 0
83.8 0.05 0
83.8 0.1 0
83.8 0.15 0
83.8 0.2 0
83.8 0.25 0
83.8 0.3 0
83.8 0.35 0
83.8 0.4 0
83.8 0.45 0
83.8 0.5 0
83.8 0.55 0
83.8 0.6 0
83.8 0.65 0
83.8 0.7 0
83.8 0.75 0.04
83.8 0.8 0.04
83.8 0.85 0.12
83.8 0.9 0.28
83.8 0.95 0.12
84.3 0 0
84.3 0.05 0
84.3 0.1 0
84.3 0.15 0
84.3 0.2 0
84.3 0.25 0
84.3 0.3 0
84.3 0.35 0
84.3 0.4 0
84.3 0.45 0
84.3 0.5 0
84.3 0.55 0.02
84.3 0.6 0
84.3 0.65 0
84.3 0.7 0
84.3 0.75 0.02
84.3 0.8 0.06
84.3 0.85 0.14
84.3 0.9 0.28
84.3 0.95 0.18
84.8 0 0
84.8 0.05 0
84.8 0.1 0
84.8 0.15 0
84.8 0.2 0
84.8 0.25 0
84.8 0.3 0
84.8 0.35 0
84.8 0.4 0
84.8 0.45 0
84.8 0.5 0
84.8 0.55 0
84.8 0.6 0.02
84.8 0.65 0
84.8 0.7 0.02
84.8 0.75 0.02
84.8 0.8 0.04
84.8 0.85 0.08
84.8 0.9 0.22
84.8 0.95 0.02
85.3 0 0
85.3 0.05 0
85.3 0.1 0
85.3 0.15 0
85.3 0.2 0
85.3 0.25 0
85.3 0.3 0
85.3 0.35 0
85.3 0.4 0
85.3 0.45 0
85.3 0.5 0
85.3 0.55 0
85.3 0.6 0
85.3 0.65 0
85.3 0.7 0
85.3 0.75 0
85.3 0.8 0.06
85.3 0.85 0.06
85.3 0.9 0.14
85.3 0.95 0.12
85.8 0 0
85.8 0.05 0
85.8 0.1 0
85.8 0.15 0
85.8 0.2 0
85.8 0.25 0
85.8 0.3 0
85.8 0.35 0
