3.8 0 0
3.8 0.05 0
3.8 0.1 0
3.8 0.15 0
3.8 0.2 0
3.8 0.25 0
3.8 0.3 0.06
3.8 0.35 0.22
3.8 0.4 0.56
3.8 0.45 1
3.8 0.5 1
3.8 0.55 1
3.8 0.6 1
3.8 0.65 1
3.8 0.7 1
3.8 0.75 1
3.8 0.8 1
3.8 0.85 1
3.8 0.9 1
3.8 0.95 1
4.3 0 0
4.3 0.05 0
4.3 0.1 0
4.3 0.15 0
4.3 0.2 0
4.3 0.25 0
4.3 0.3 0.02
4.3 0.35 0.2
4.3 0.4 0.64
4.3 0.45 0.96
4.3 0.5 1
4.3 0.55 1
4.3 0.6 1
4.3 0.65 1
4.3 0.7 1
4.3 0.75 1
4.3 0.8 1
4.3 0.85 1
4.3 0.9 1
4.3 0.95 1
4.8 0 0
4.8 0.05 0
4.8 0.1 0
4.8 0.15 0
4.8 0.2 0
4.8 0.25 0
4.8 0.3 0.02
4.8 0.35 0.16
4.8 0.4 0.7
4.8 0.45 0.88
4.8 0.5 1
4.8 0.55 1
4.8 0.6 1
4.8 0.65 1
4.8 0.7 1
4.8 0.75 1
4.8 0.8 1
4.8 0.85 1
4.8 0.9 1
4.8 0.95 1
5.3 0 0
5.3 0.05 0
5.3 0.1 0
5.3 0.15 0
5.3 0.2 0
5.3 0.25 0.06
5.3 0.3 0.2
5.3 0.35 0.2
5.3 0.4 0.42
5.3 0.45 0.86
5.3 0.5 0.98
5.3 0.55 1
5.3 0.6 1
5.3 0.65 1
5.3 0.7 1
5.3 0.75 1
5.3 0.8 1
5.3 0.85 1
5.3 0.9 1
5.3 0.95 1
5.8 0 0
5.8 0.05 0
5.8 0.1 0
5.8 0.15 0
5.8 0.2 0
5.8 0.25 0.02
5.8 0.3 0.2
5.8 0.35 0.26
5.8 0.4 0.5
5.8 0.45 0.82
5.8 0.5 1
5.8 0.55 1
5.8 0.6 1
5.8 0.65 1
5.8 0.7 1
5.8 0.75 1
5.8 0.8 1
5.8 0.85 1
5.8 0.9 1
5.8 0.95 1
6.3 0 0
6.3 0.05 0
6.3 0.1 0
6.3 0.15 0
6.3 0.2 0
6.3 0.25 0.02
6.3 0.3 0.1
6.3 0.35 0.42
6.3 0.4 0.66
6.3 0.45 0.9
6.3 0.5 0.98
6.3 0.55 1
6.3 0.6 1
6.3 0.65 1
6.3 0.7 1
6.3 0.75 1
6.3 0.8 1
6.3 0.85 1
6.3 0.9 1
6.3 0.95 1
6.8 0 0
6.8 0.05 0
6.8 0.1 0
6.8 0.15 0
6.8 0.2 0.02
6.8 0.25 0.04
6.8 0.3 0.2
6.8 0.35 0.48
6.8 0.4 0.64
6.8 0.45 0.96
6.8 0.5 0.92
6.8 0.55 1
6.8 0.6 1
6.8 0.65 1
6.8 0.7 1
6.8 0.75 1
6.8 0.8 1
6.8 0.85 1
6.8 0.9 1
6.8 0.95 1
7.3 0 0
7.3 0.05 0
7.3 0.1 0
7.3 0.15 0
7.3 0.2 0.02
7.3 0.25 0.02
7.3 0.3 0.16
7.3 0.35 0.46
7.3 0.4 0.74
7.3 0.45 0.86
7.3 0.5 0.96
7.3 0.55 1
7.3 0.6 1
7.3 0.65 1
7.3 0.7 1
7.3 0.75 1
7.3 0.8 1
7.3 0.85 1
7.3 0.9 1
7.3 0.95 1
7.8 0 0
7.8 0.05 0
7.8 0.1 0
7.8 0.15 0
7.8 0.2 0
7.8 0.25 0.04
7.8 0.3 0.18
7.8 0.35 0.38
7.8 0.4 0.7
7.8 0.45 0.94
7.8 0.5 0.94
7.8 0.55 1
7.8 0.6 1
7.8 0.65 1
7.8 0.7 1
7.8 0.75 1
7.8 0.8 1
7.8 0.85 1
7.8 0.9 1
7.8 0.95 1
8.3 0 0
8.3 0.05 0
8.3 0.1 0
8.3 0.15 0
8.3 0.2 0
8.3 0.25 0.04
8.3 0.3 0.14
8.3 0.35 0.5
8.3 0.4 0.74
8.3 0.45 0.94
8.3 0.5 0.98
8.3 0.55 1
8.3 0.6 1
8.3 0.65 1
8.3 0.7 1
8.3 0.75 1
8.3 0.8 1
8.3 0.85 1
8.3 0.9 1
8.3 0.95 1
8.8 0 0
8.8 0.05 0
8.8 0.1 0
8.8 0.15 0
8.8 0.2 0
8.8 0.25 0
8.8 0.3 0.2
8.8 0.35 0.52
8.8 0.4 0.7
8.8 0.45 0.96
8.8 0.5 0.98
8.8 0.55 1
8.8 0.6 1
8.8 0.65 1
8.8 0.7 1
8.8 0.75 1
8.8 0.8 1
8.8 0.85 1
8.8 0.9 1
8.8 0.95 1
9.3 0 0
9.3 0.05 0
9.3 0.1 0
9.3 0.15 0
9.3 0.2 0
9.3 0.25 0.02
9.3 0.3 0.12
9.3 0.35 0.36
9.3 0.4 0.7
9.3 0.45 0.92
9.3 0.5 1
9.3 0.55 1
9.3 0.6 1
9.3 0.65 1
9.3 0.7 1
9.3 0.75 1
9.3 0.8 1
9.3 0.85 1
9.3 0.9 1
9.3 0.95 1
9.8 0 0
9.8 0.05 0
9.8 0.1 0
9.8 0.15 0
9.8 0.2 0.02
9.8 0.25 0.08
9.8 0.3 0.14
9.8 0.35 0.48
9.8 0.4 0.72
9.8 0.45 0.96
9.8 0.5 1
9.8 0.55 1
9.8 0.6 1
9.8 0.65 1
9.8 0.7 1
9.8 0.75 1
9.8 0.8 1
9.8 0.85 1
9.8 0.9 1
9.8 0.95 1
10.3 0 0
10.3 0.05 0
10.3 0.1 0
10.3 0.15 0
10.3 0.2 0
10.3 0.25 0
10.3 0.3 0.04
10.3 0.35 0.36
10.3 0.4 0.7
10.3 0.45 0.96
10.3 0.5 0.98
10.3 0.55 0.98
10.3 0.6 1
10.3 0.65 1
10.3 0.7 1
10.3 0.75 1
10.3 0.8 1
10.3 0.85 1
10.3 0.9 1
10.3 0.95 1
10.8 0 0
10.8 0.05 0
10.8 0.1 0
10.8 0.15 0
10.8 0.2 0
10.8 0.25 0
10.8 0.3 0
10.8 0.35 0.26
10.8 0.4 0.72
10.8 0.45 0.88
10.8 0.5 1
10.8 0.55 1
10.8 0.6 1
10.8 0.65 1
10.8 0.7 1
10.8 0.75 1
10.8 0.8 1
10.8 0.85 1
10.8 0.9 1
10.8 0.95 1
11.3 0 0
11.3 0.05 0
11.3 0.1 0
11.3 0.15 0
11.3 0.2 0
11.3 0.25 0
11.3 0.3 0.06
11.3 0.35 0.14
11.3 0.4 0.7
11.3 0.45 0.96
11.3 0.5 0.98
11.3 0.55 1
11.3 0.6 1
11.3 0.65 1
11.3 0.7 1
11.3 0.75 1
11.3 0.8 1
11.3 0.85 1
11.3 0.9 1
11.3 0.95 1
11.8 0 0
11.8 0.05 0
11.8 0.1 0
11.8 0.15 0
11.8 0.2 0
11.8 0.25 0.02
11.8 0.3 0.06
11.8 0.35 0.16
11.8 0.4 0.58
11.8 0.45 0.9
11.8 0.5 0.96
11.8 0.55 1
11.8 0.6 1
11.8 0.65 1
11.8 0.7 1
11.8 0.75 1
11.8 0.8 1
11.8 0.85 1
11.8 0.9 1
11.8 0.95 1
12.3 0 0
12.3 0.05 0
12.3 0.1 0
12.3 0.15 0
12.3 0.2 0
12.3 0.25 0
12.3 0.3 0.02
12.3 0.35 0.38
12.3 0.4 0.44
12.3 0.45 0.94
12.3 0.5 1
12.3 0.55 1
12.3 0.6 1
12.3 0.65 1
12.3 0.7 1
12.3 0.75 1
12.3 0.8 1
12.3 0.85 1
12.3 0.9 1
12.3 0.95 1
12.8 0 0
12.8 0.05 0
12.8 0.1 0
12.8 0.15 0
12.8 0.2 0
12.8 0.25 0.02
12.8 0.3 0.06
12.8 0.35 0.16
12.8 0.4 0.68
12.8 0.45 0.86
12.8 0.5 0.94
12.8 0.55 0.98
12.8 0.6 1
12.8 0.65 1
12.8 0.7 1
12.8 0.75 1
12.8 0.8 1
12.8 0.85 1
12.8 0.9 1
12.8 0.95 1
13.3 0 0
13.3 0.05 0
13.3 0.1 0
13.3 0.15 0
13.3 0.2 0
13.3 0.25 0
13.3 0.3 0.02
13.3 0.35 0.14
13.3 0.4 0.42
13.3 0.45 0.68
13.3 0.5 0.98
13.3 0.55 0.96
13.3 0.6 1
13.3 0.65 1
13.3 0.7 1
13.3 0.75 1
13.3 0.8 1
13.3 0.85 1
13.3 0.9 1
13.3 0.95 1
13.8 0 0
13.8 0.05 0
13.8 0.1 0
13.8 0.15 0
13.8 0.2 0
13.8 0.25 0
13.8 0.3 0.02
13.8 0.35 0.14
13.8 0.4 0.48
13.8 0.45 0.76
13.8 0.5 0.94
13.8 0.55 0.98
13.8 0.6 1
13.8 0.65 0.98
13.8 0.7 1
13.8 0.75 1
13.8 0.8 1
13.8 0.85 1
13.8 0.9 1
13.8 0.95 1
14.3 0 0
14.3 0.05 0
14.3 0.1 0
14.3 0.15 0
14.3 0.2 0
14.3 0.25 0.02
14.3 0.3 0.08
14.3 0.35 0.2
14.3 0.4 0.48
14.3 0.45 0.68
14.3 0.5 0.9
14.3 0.55 1
14.3 0.6 1
14.3 0.65 1
14.3 0.7 1
14.3 0.75 1
14.3 0.8 1
14.3 0.85 1
14.3 0.9 1
14.3 0.95 1
14.8 0 0
14.8 0.05 0
14.8 0.1 0
14.8 0.15 0
14.8 0.2 0
14.8 0.25 0.02
14.8 0.3 0.06
14.8 0.35 0.14
14.8 0.4 0.44
14.8 0.45 0.82
14.8 0.5 0.8
14.8 0.55 0.98
14.8 0.6 1
14.8 0.65 1
14.8 0.7 1
14.8 0.75 1
14.8 0.8 1
14.8 0.85 1
14.8 0.9 1
14.8 0.95 1
15.3 0 0
15.3 0.05 0
15.3 0.1 0
15.3 0.15 0
15.3 0.2 0
15.3 0.25 0
15.3 0.3 0.06
15.3 0.35 0.08
15.3 0.4 0.48
15.3 0.45 0.56
15.3 0.5 0.92
15.3 0.55 0.92
15.3 0.6 1
15.3 0.65 1
15.3 0.7 1
15.3 0.75 1
15.3 0.8 1
15.3 0.85 1
15.3 0.9 1
15.3 0.95 1
15.8 0 0
15.8 0.05 0
15.8 0.1 0
15.8 0.15 0
15.8 0.2 0
15.8 0.25 0
15.8 0.3 0
15.8 0.35 0.1
15.8 0.4 0.42
15.8 0.45 0.7
15.8 0.5 0.78
15.8 0.55 0.98
15.8 0.6 0.98
15.8 0.65 0.98
15.8 0.7 0.96
15.8 0.75 1
15.8 0.8 1
15.8 0.85 1
15.8 0.9 1
15.8 0.95 1
16.3 0 0
16.3 0.05 0
16.3 0.1 0
16.3 0.15 0
16.3 0.2 0
16.3 0.25 0.02
16.3 0.3 0.02
16.3 0.35 0.14
16.3 0.4 0.38
16.3 0.45 0.64
16.3 0.5 0.72
16.3 0.55 0.88
16.3 0.6 0.96
16.3 0.65 1
16.3 0.7 1
16.3 0.75 1
16.3 0.8 1
16.3 0.85 1
16.3 0.9 1
16.3 0.95 1
16.8 0 0
16.8 0.05 0
16.8 0.1 0
16.8 0.15 0
16.8 0.2 0
16.8 0.25 0
16.8 0.3 0
16.8 0.35 0.12
16.8 0.4 0.18
16.8 0.45 0.56
16.8 0.5 0.82
16.8 0.55 0.92
16.8 0.6 0.98
16.8 0.65 0.98
16.8 0.7 0.98
16.8 0.75 0.98
16.8 0.8 1
16.8 0.85 1
16.8 0.9 1
16.8 0.95 1
17.3 0 0
17.3 0.05 0
17.3 0.1 0
17.3 0.15 0
17.3 0.2 0
17.3 0.25 0
17.3 0.3 0.08
17.3 0.35 0.14
17.3 0.4 0.24
17.3 0.45 0.44
17.3 0.5 0.72
17.3 0.55 0.84
17.3 0.6 0.98
17.3 0.65 0.96
17.3 0.7 0.98
17.3 0.75 1
17.3 0.8 1
17.3 0.85 1
17.3 0.9 1
17.3 0.95 1
17.8 0 0
17.8 0.05 0
17.8 0.1 0
17.8 0.15 0
17.8 0.2 0
17.8 0.25 0
17.8 0.3 0
17.8 0.35 0.04
17.8 0.4 0.12
17.8 0.45 0.38
17.8 0.5 0.7
17.8 0.55 0.8
17.8 0.6 0.98
17.8 0.65 0.94
17.8 0.7 1
17.8 0.75 0.98
17.8 0.8 1
17.8 0.85 1
17.8 0.9 1
17.8 0.95 1
18.3 0 0
18.3 0.05 0
18.3 0.1 0
18.3 0.15 0
18.3 0.2 0
18.3 0.25 0
18.3 0.3 0
18.3 0.35 0.02
18.3 0.4 0.08
18.3 0.45 0.22
18.3 0.5 0.54
18.3 0.55 0.8
18.3 0.6 0.98
18.3 0.65 0.96
18.3 0.7 1
18.3 0.75 1
18.3 0.8 1
18.3 0.85 1
18.3 0.9 1
18.3 0.95 1
18.8 0 0
18.8 0.05 0
18.8 0.1 0
18.8 0.15 0
18.8 0.2 0
18.8 0.25 0
18.8 0.3 0
18.8 0.35 0.08
18.8 0.4 0.08
18.8 0.45 0.38
18.8 0.5 0.52
18.8 0.55 0.78
18.8 0.6 0.96
18.8 0.65 0.94
18.8 0.7 0.96
18.8 0.75 0.98
18.8 0.8 1
18.8 0.85 1
18.8 0.9 1
18.8 0.95 1
19.3 0 0
19.3 0.05 0
19.3 0.1 0
19.3 0.15 0
19.3 0.2 0
19.3 0.25 0
19.3 0.3 0.02
19.3 0.35 0
19.3 0.4 0.08
19.3 0.45 0.16
19.3 0.5 0.52
19.3 0.55 0.8
19.3 0.6 0.9
19.3 0.65 0.92
19.3 0.7 1
19.3 0.75 0.98
19.3 0.8 1
19.3 0.85 1
19.3 0.9 1
19.3 0.95 1
19.8 0 0
19.8 0.05 0
19.8 0.1 0
19.8 0.15 0
19.8 0.2 0
19.8 0.25 0
19.8 0.3 0
19.8 0.35 0.02
19.8 0.4 0.04
19.8 0.45 0.2
19.8 0.5 0.36
19.8 0.55 0.68
19.8 0.6 0.84
19.8 0.65 0.96
19.8 0.7 0.96
19.8 0.75 1
19.8 0.8 1
19.8 0.85 1
19.8 0.9 1
19.8 0.95 1
20.3 0 0
20.3 0.05 0
20.3 0.1 0
20.3 0.15 0
20.3 0.2 0
20.3 0.25 0
20.3 0.3 0
20.3 0.35 0
20.3 0.4 0.12
20.3 0.45 0.12
20.3 0.5 0.42
20.3 0.55 0.72
20.3 0.6 0.88
20.3 0.65 0.92
20.3 0.7 0.96
20.3 0.75 1
20.3 0.8 1
20.3 0.85 1
20.3 0.9 1
20.3 0.95 1
20.8 0 0
20.8 0.05 0
20.8 0.1 0
20.8 0.15 0
20.8 0.2 0
20.8 0.25 0
20.8 0.3 0
20.8 0.35 0.02
20.8 0.4 0.02
20.8 0.45 0.18
20.8 0.5 0.32
20.8 0.55 0.64
20.8 0.6 0.84
20.8 0.65 0.9
20.8 0.7 0.98
20.8 0.75 1
20.8 0.8 1
20.8 0.85 1
20.8 0.9 1
20.8 0.95 1
21.3 0 0
21.3 0.05 0
21.3 0.1 0
21.3 0.15 0
21.3 0.2 0
21.3 0.25 0
21.3 0.3 0
21.3 0.35 0
21.3 0.4 0.12
21.3 0.45 0.2
21.3 0.5 0.48
21.3 0.55 0.58
21.3 0.6 0.84
21.3 0.65 0.94
21.3 0.7 0.98
21.3 0.75 0.92
21.3 0.8 0.98
21.3 0.85 1
21.3 0.9 1
21.3 0.95 1
21.8 0 0
21.8 0.05 0
21.8 0.1 0
21.8 0.15 0
21.8 0.2 0
21.8 0.25 0
21.8 0.3 0
21.8 0.35 0
21.8 0.4 0
21.8 0.45 0.2
21.8 0.5 0.34
21.8 0.55 0.68
21.8 0.6 0.8
21.8 0.65 0.94
21.8 0.7 1
21.8 0.75 0.98
21.8 0.8 1
21.8 0.85 1
21.8 0.9 1
21.8 0.95 1
22.3 0 0
22.3 0.05 0
22.3 0.1 0
22.3 0.15 0
22.3 0.2 0
22.3 0.25 0
22.3 0.3 0
22.3 0.35 0
22.3 0.4 0.02
22.3 0.45 0.14
22.3 0.5 0.3
22.3 0.55 0.7
22.3 0.6 0.76
22.3 0.65 0.86
22.3 0.7 0.94
22.3 0.75 0.98
22.3 0.8 1
22.3 0.85 1
22.3 0.9 1
22.3 0.95 1
22.8 0 0
22.8 0.05 0
22.8 0.1 0
22.8 0.15 0
22.8 0.2 0
22.8 0.25 0
22.8 0.3 0
22.8 0.35 0
22.8 0.4 0.04
22.8 0.45 0.08
22.8 0.5 0.38
22.8 0.55 0.52
22.8 0.6 0.8
22.8 0.65 0.88
22.8 0.7 0.98
22.8 0.75 0.96
22.8 0.8 0.96
22.8 0.85 1
22.8 0.9 1
22.8 0.95 1
23.3 0 0
23.3 0.05 0
23.3 0.1 0
23.3 0.15 0
23.3 0.2 0
23.3 0.25 0
23.3 0.3 0
23.3 0.35 0.02
23.3 0.4 0.04
23.3 0.45 0.02
23.3 0.5 0.28
23.3 0.55 0.54
23.3 0.6 0.8
23.3 0.65 0.82
23.3 0.7 0.92
23.3 0.75 0.96
23.3 0.8 0.92
23.3 0.85 1
23.3 0.9 1
23.3 0.95 1
23.8 0 0
23.8 0.05 0
23.8 0.1 0
23.8 0.15 0
23.8 0.2 0
23.8 0.25 0
23.8 0.3 0
23.8 0.35 0
23.8 0.4 0.02
23.8 0.45 0.06
23.8 0.5 0.24
23.8 0.55 0.52
23.8 0.6 0.74
23.8 0.65 0.88
23.8 0.7 0.88
23.8 0.75 0.96
23.8 0.8 1
23.8 0.85 1
23.8 0.9 1
23.8 0.95 1
24.3 0 0
24.3 0.05 0
24.3 0.1 0
24.3 0.15 0
24.3 0.2 0
24.3 0.25 0
24.3 0.3 0
24.3 0.35 0.06
24.3 0.4 0.02
24.3 0.45 0.06
24.3 0.5 0.14
24.3 0.55 0.54
24.3 0.6 0.8
24.3 0.65 0.86
24.3 0.7 0.94
24.3 0.75 0.98
24.3 0.8 0.98
24.3 0.85 1
24.3 0.9 1
24.3 0.95 1
24.8 0 0
24.8 0.05 0
24.8 0.1 0
24.8 0.15 0
24.8 0.2 0
24.8 0.25 0
24.8 0.3 0.02
24.8 0.35 0
24.8 0.4 0
24.8 0.45 0.08
24.8 0.5 0.1
24.8 0.55 0.4
24.8 0.6 0.66
24.8 0.65 0.82
24.8 0.7 0.96
24.8 0.75 0.96
24.8 0.8 0.94
24.8 0.85 1
24.8 0.9 1
24.8 0.95 1
25.3 0 0
25.3 0.05 0
25.3 0.1 0
25.3 0.15 0
25.3 0.2 0
25.3 0.25 0
25.3 0.3 0
25.3 0.35 0
25.3 0.4 0
25.3 0.45 0.06
25.3 0.5 0.1
25.3 0.55 0.46
25.3 0.6 0.84
25.3 0.65 0.8
25.3 0.7 0.94
25.3 0.75 0.94
25.3 0.8 0.98
25.3 0.85 1
25.3 0.9 1
25.3 0.95 1
25.8 0 0
25.8 0.05 0
25.8 0.1 0
25.8 0.15 0
25.8 0.2 0
25.8 0.25 0
25.8 0.3 0
25.8 0.35 0
25.8 0.4 0.02
25.8 0.45 0.02
25.8 0.5 0.06
25.8 0.55 0.48
25.8 0.6 0.52
25.8 0.65 0.76
25.8 0.7 0.88
25.8 0.75 0.9
25.8 0.8 0.96
25.8 0.85 1
25.8 0.9 1
25.8 0.95 1
26.3 0 0
26.3 0.05 0
26.3 0.1 0
26.3 0.15 0
26.3 0.2 0
26.3 0.25 0
26.3 0.3 0
26.3 0.35 0
26.3 0.4 0
26.3 0.45 0.02
26.3 0.5 0.12
26.3 0.55 0.28
26.3 0.6 0.58
26.3 0.65 0.82
26.3 0.7 0.9
26.3 0.75 0.84
26.3 0.8 0.94
26.3 0.85 1
26.3 0.9 1
26.3 0.95 1
26.8 0 0
26.8 0.05 0
26.8 0.1 0
26.8 0.15 0
26.8 0.2 0
26.8 0.25 0
26.8 0.3 0
26.8 0.35 0.02
26.8 0.4 0
26.8 0.45 0.04
26.8 0.5 0.08
26.8 0.55 0.34
26.8 0.6 0.56
26.8 0.65 0.68
26.8 0.7 0.84
26.8 0.75 0.92
26.8 0.8 0.94
26.8 0.85 0.96
26.8 0.9 1
26.8 0.95 1
27.3 0 0
27.3 0.05 0
27.3 0.1 0
27.3 0.15 0
27.3 0.2 0
27.3 0.25 0
27.3 0.3 0
27.3 0.35 0
27.3 0.4 0
27.3 0.45 0.02
27.3 0.5 0.14
27.3 0.55 0.14
27.3 0.6 0.5
27.3 0.65 0.8
27.3 0.7 0.88
27.3 0.75 0.92
27.3 0.8 0.94
27.3 0.85 0.96
27.3 0.9 1
27.3 0.95 1
27.8 0 0
27.8 0.05 0
27.8 0.1 0
27.8 0.15 0
27.8 0.2 0
27.8 0.25 0
27.8 0.3 0
27.8 0.35 0
27.8 0.4 0.02
27.8 0.45 0.02
27.8 0.5 0.06
27.8 0.55 0.26
27.8 0.6 0.48
27.8 0.65 0.76
27.8 0.7 0.82
27.8 0.75 0.98
27.8 0.8 0.86
27.8 0.85 0.98
27.8 0.9 1
27.8 0.95 1
28.3 0 0
28.3 0.05 0
28.3 0.1 0
28.3 0.15 0
28.3 0.2 0
28.3 0.25 0
28.3 0.3 0
28.3 0.35 0
28.3 0.4 0
28.3 0.45 0.02
28.3 0.5 0.04
28.3 0.55 0.16
28.3 0.6 0.46
28.3 0.65 0.68
28.3 0.7 0.9
28.3 0.75 0.94
28.3 0.8 0.92
28.3 0.85 0.94
28.3 0.9 1
28.3 0.95 1
28.8 0 0
28.8 0.05 0
28.8 0.1 0
28.8 0.15 0
28.8 0.2 0
28.8 0.25 0
28.8 0.3 0
28.8 0.35 0
28.8 0.4 0
28.8 0.45 0.02
28.8 0.5 0.06
28.8 0.55 0.18
28.8 0.6 0.5
28.8 0.65 0.7
28.8 0.7 0.84
28.8 0.75 0.9
28.8 0.8 0.92
28.8 0.85 0.96
28.8 0.9 1
28.8 0.95 1
29.3 0 0
29.3 0.05 0
29.3 0.1 0
29.3 0.15 0
29.3 0.2 0
29.3 0.25 0
29.3 0.3 0.02
29.3 0.35 0
29.3 0.4 0
29.3 0.45 0
29.3 0.5 0.06
29.3 0.55 0.2
29.3 0.6 0.46
29.3 0.65 0.6
29.3 0.7 0.82
29.3 0.75 0.92
29.3 0.8 0.96
29.3 0.85 0.98
29.3 0.9 1
29.3 0.95 1
29.8 0 0
29.8 0.05 0
29.8 0.1 0
29.8 0.15 0
29.8 0.2 0
29.8 0.25 0
29.8 0.3 0
29.8 0.35 0
29.8 0.4 0
29.8 0.45 0.04
29.8 0.5 0.06
29.8 0.55 0.16
29.8 0.6 0.28
29.8 0.65 0.54
29.8 0.7 0.9
29.8 0.75 0.92
29.8 0.8 0.88
29.8 0.85 0.98
29.8 0.9 0.98
29.8 0.95 0.98
30.3 0 0
30.3 0.05 0
30.3 0.1 0
30.3 0.15 0
30.3 0.2 0
30.3 0.25 0
30.3 0.3 0
30.3 0.35 0
30.3 0.4 0
30.3 0.45 0.04
30.3 0.5 0.08
30.3 0.55 0.08
30.3 0.6 0.26
30.3 0.65 0.54
30.3 0.7 0.84
30.3 0.75 0.9
30.3 0.8 0.9
30.3 0.85 0.98
30.3 0.9 1
30.3 0.95 0.98
30.8 0 0
30.8 0.05 0
30.8 0.1 0
30.8 0.15 0
30.8 0.2 0
30.8 0.25 0
30.8 0.3 0
30.8 0.35 0
30.8 0.4 0.02
30.8 0.45 0.02
30.8 0.5 0.02
30.8 0.55 0.06
30.8 0.6 0.22
30.8 0.65 0.52
30.8 0.7 0.88
30.8 0.75 0.9
30.8 0.8 0.94
30.8 0.85 0.98
30.8 0.9 1
30.8 0.95 0.98
31.3 0 0
31.3 0.05 0
31.3 0.1 0
31.3 0.15 0
31.3 0.2 0
31.3 0.25 0
31.3 0.3 0
31.3 0.35 0
31.3 0.4 0
31.3 0.45 0
31.3 0.5 0.04
31.3 0.55 0.1
31.3 0.6 0.22
31.3 0.65 0.5
31.3 0.7 0.82
31.3 0.75 0.9
31.3 0.8 0.88
31.3 0.85 0.9
31.3 0.9 1
31.3 0.95 1
31.8 0 0
31.8 0.05 0
31.8 0.1 0
31.8 0.15 0
31.8 0.2 0
31.8 0.25 0
31.8 0.3 0
31.8 0.35 0.02
31.8 0.4 0
31.8 0.45 0.04
31.8 0.5 0.06
31.8 0.55 0.04
31.8 0.6 0.16
31.8 0.65 0.42
31.8 0.7 0.86
31.8 0.75 0.8
31.8 0.8 0.88
31.8 0.85 1
31.8 0.9 1
31.8 0.95 0.98
32.3 0 0
32.3 0.05 0
32.3 0.1 0
32.3 0.15 0
32.3 0.2 0
32.3 0.25 0
32.3 0.3 0
32.3 0.35 0.02
32.3 0.4 0
32.3 0.45 0.04
32.3 0.5 0
32.3 0.55 0.06
32.3 0.6 0.12
32.3 0.65 0.36
32.3 0.7 0.72
32.3 0.75 0.86
32.3 0.8 0.84
32.3 0.85 0.9
32.3 0.9 0.98
32.3 0.95 0.98
32.8 0 0
32.8 0.05 0
32.8 0.1 0
32.8 0.15 0
32.8 0.2 0
32.8 0.25 0
32.8 0.3 0
32.8 0.35 0
32.8 0.4 0
32.8 0.45 0
32.8 0.5 0.02
32.8 0.55 0.06
32.8 0.6 0.14
32.8 0.65 0.42
32.8 0.7 0.76
32.8 0.75 0.84
32.8 0.8 0.94
32.8 0.85 0.92
32.8 0.9 0.98
32.8 0.95 1
33.3 0 0
33.3 0.05 0
33.3 0.1 0
33.3 0.15 0
33.3 0.2 0
33.3 0.25 0
33.3 0.3 0
33.3 0.35 0
33.3 0.4 0
33.3 0.45 0
33.3 0.5 0.02
33.3 0.55 0.04
33.3 0.6 0.28
33.3 0.65 0.42
33.3 0.7 0.76
33.3 0.75 0.74
33.3 0.8 0.88
33.3 0.85 0.92
33.3 0.9 1
33.3 0.95 0.92
33.8 0 0
33.8 0.05 0
33.8 0.1 0
33.8 0.15 0
33.8 0.2 0
33.8 0.25 0
33.8 0.3 0
33.8 0.35 0
33.8 0.4 0
33.8 0.45 0.02
33.8 0.5 0.04
33.8 0.55 0.04
33.8 0.6 0.18
33.8 0.65 0.42
33.8 0.7 0.72
33.8 0.75 0.68
33.8 0.8 0.86
33.8 0.85 0.94
33.8 0.9 1
33.8 0.95 1
34.3 0 0
34.3 0.05 0
34.3 0.1 0
34.3 0.15 0
34.3 0.2 0
34.3 0.25 0
34.3 0.3 0
34.3 0.35 0
34.3 0.4 0
34.3 0.45 0.04
34.3 0.5 0.04
34.3 0.55 0.02
34.3 0.6 0.1
34.3 0.65 0.44
34.3 0.7 0.78
34.3 0.75 0.74
34.3 0.8 0.92
34.3 0.85 0.9
34.3 0.9 0.94
34.3 0.95 0.94
34.8 0 0
34.8 0.05 0
34.8 0.1 0
34.8 0.15 0
34.8 0.2 0
34.8 0.25 0
34.8 0.3 0
34.8 0.35 0
34.8 0.4 0
34.8 0.45 0.02
34.8 0.5 0.04
34.8 0.55 0.04
34.8 0.6 0.16
34.8 0.65 0.3
34.8 0.7 0.5
34.8 0.75 0.82
34.8 0.8 0.9
34.8 0.85 0.88
34.8 0.9 0.96
34.8 0.95 0.9
35.3 0 0
35.3 0.05 0
35.3 0.1 0
35.3 0.15 0
35.3 0.2 0
35.3 0.25 0
35.3 0.3 0
35.3 0.35 0
35.3 0.4 0.02
35.3 0.45 0.02
35.3 0.5 0
35.3 0.55 0.1
35.3 0.6 0.12
35.3 0.65 0.18
35.3 0.7 0.7
35.3 0.75 0.7
35.3 0.8 0.76
35.3 0.85 0.86
35.3 0.9 0.98
35.3 0.95 0.96
35.8 0 0
35.8 0.05 0
35.8 0.1 0
35.8 0.15 0
35.8 0.2 0
35.8 0.25 0
35.8 0.3 0
35.8 0.35 0
35.8 0.4 0.02
35.8 0.45 0
35.8 0.5 0.06
35.8 0.55 0.02
35.8 0.6 0.2
35.8 0.65 0.28
35.8 0.7 0.58
35.8 0.75 0.7
35.8 0.8 0.76
35.8 0.85 0.88
35.8 0.9 0.92
35.8 0.95 0.92
36.3 0 0
36.3 0.05 0
36.3 0.1 0
36.3 0.15 0
36.3 0.2 0
36.3 0.25 0
36.3 0.3 0
36.3 0.35 0
36.3 0.4 0
36.3 0.45 0.02
36.3 0.5 0.02
36.3 0.55 0.08
36.3 0.6 0.16
36.3 0.65 0.34
36.3 0.7 0.56
36.3 0.75 0.64
36.3 0.8 0.84
36.3 0.85 0.9
36.3 0.9 0.92
36.3 0.95 0.94
36.8 0 0
36.8 0.05 0
36.8 0.1 0
36.8 0.15 0
36.8 0.2 0
36.8 0.25 0
36.8 0.3 0
36.8 0.35 0
36.8 0.4 0
36.8 0.45 0
36.8 0.5 0.02
36.8 0.55 0.02
36.8 0.6 0.16
36.8 0.65 0.4
36.8 0.7 0.48
36.8 0.75 0.7
36.8 0.8 0.7
36.8 0.85 0.94
36.8 0.9 0.94
36.8 0.95 0.94
37.3 0 0
37.3 0.05 0
37.3 0.1 0
37.3 0.15 0
37.3 0.2 0
37.3 0.25 0
37.3 0.3 0
37.3 0.35 0
37.3 0.4 0
37.3 0.45 0.02
37.3 0.5 0.04
37.3 0.55 0.04
37.3 0.6 0.2
37.3 0.65 0.34
37.3 0.7 0.6
37.3 0.75 0.64
37.3 0.8 0.78
37.3 0.85 0.92
37.3 0.9 0.94
37.3 0.95 0.9
37.8 0 0
37.8 0.05 0
37.8 0.1 0
37.8 0.15 0
37.8 0.2 0
37.8 0.25 0
37.8 0.3 0
37.8 0.35 0
37.8 0.4 0
37.8 0.45 0
37.8 0.5 0
37.8 0.55 0.02
37.8 0.6 0.12
37.8 0.65 0.28
37.8 0.7 0.42
37.8 0.75 0.78
37.8 0.8 0.78
37.8 0.85 0.82
37.8 0.9 0.92
37.8 0.95 0.92
38.3 0 0
38.3 0.05 0
38.3 0.1 0
38.3 0.15 0
38.3 0.2 0
38.3 0.25 0
38.3 0.3 0
38.3 0.35 0
38.3 0.4 0
38.3 0.45 0.02
38.3 0.5 0
38.3 0.55 0.02
38.3 0.6 0.08
38.3 0.65 0.22
38.3 0.7 0.42
38.3 0.75 0.62
38.3 0.8 0.7
38.3 0.85 0.9
38.3 0.9 0.98
38.3 0.95 0.92
38.8 0 0
38.8 0.05 0
38.8 0.1 0
38.8 0.15 0
38.8 0.2 0
38.8 0.25 0
38.8 0.3 0
38.8 0.35 0
38.8 0.4 0
38.8 0.45 0
38.8 0.5 0.02
38.8 0.55 0
38.8 0.6 0.1
38.8 0.65 0.22
38.8 0.7 0.42
38.8 0.75 0.66
38.8 0.8 0.68
38.8 0.85 0.9
38.8 0.9 0.84
38.8 0.95 0.94
39.3 0 0
39.3 0.05 0
39.3 0.1 0
39.3 0.15 0
39.3 0.2 0
39.3 0.25 0
39.3 0.3 0
39.3 0.35 0
39.3 0.4 0
39.3 0.45 0.02
39.3 0.5 0.02
39.3 0.55 0.02
39.3 0.6 0.08
39.3 0.65 0.16
39.3 0.7 0.46
39.3 0.75 0.54
39.3 0.8 0.74
39.3 0.85 0.74
39.3 0.9 0.98
39.3 0.95 0.88
39.8 0 0
39.8 0.05 0
39.8 0.1 0
39.8 0.15 0
39.8 0.2 0
39.8 0.25 0
39.8 0.3 0
39.8 0.35 0
39.8 0.4 0
39.8 0.45 0
39.8 0.5 0
39.8 0.55 0
39.8 0.6 0.02
39.8 0.65 0.34
39.8 0.7 0.38
39.8 0.75 0.54
39.8 0.8 0.64
39.8 0.85 0.88
39.8 0.9 0.86
39.8 0.95 0.88
40.3 0 0
40.3 0.05 0
40.3 0.1 0
40.3 0.15 0
40.3 0.2 0
40.3 0.25 0
40.3 0.3 0
40.3 0.35 0
40.3 0.4 0
40.3 0.45 0.02
40.3 0.5 0.02
40.3 0.55 0.06
40.3 0.6 0.1
40.3 0.65 0.24
40.3 0.7 0.4
40.3 0.75 0.56
40.3 0.8 0.76
40.3 0.85 0.8
40.3 0.9 0.9
40.3 0.95 0.86
40.8 0 0
40.8 0.05 0
40.8 0.1 0
40.8 0.15 0
40.8 0.2 0
40.8 0.25 0
40.8 0.3 0
40.8 0.35 0
40.8 0.4 0
40.8 0.45 0
40.8 0.5 0
40.8 0.55 0.04
40.8 0.6 0.02
40.8 0.65 0.2
40.8 0.7 0.64
40.8 0.75 0.56
40.8 0.8 0.72
40.8 0.85 0.78
40.8 0.9 0.92
40.8 0.95 0.88
41.3 0 0
41.3 0.05 0
41.3 0.1 0
41.3 0.15 0
41.3 0.2 0
41.3 0.25 0
41.3 0.3 0
41.3 0.35 0
41.3 0.4 0
41.3 0.45 0
41.3 0.5 0.04
41.3 0.55 0.02
41.3 0.6 0.04
41.3 0.65 0.12
41.3 0.7 0.38
41.3 0.75 0.7
41.3 0.8 0.74
41.3 0.85 0.74
41.3 0.9 0.8
41.3 0.95 0.78
41.8 0 0
41.8 0.05 0
41.8 0.1 0
41.8 0.15 0
41.8 0.2 0
41.8 0.25 0
41.8 0.3 0
41.8 0.35 0
41.8 0.4 0
41.8 0.45 0
41.8 0.5 0
41.8 0.55 0.06
41.8 0.6 0.1
41.8 0.65 0.18
41.8 0.7 0.38
41.8 0.75 0.52
41.8 0.8 0.7
41.8 0.85 0.74
41.8 0.9 0.92
41.8 0.95 0.8
42.3 0 0
42.3 0.05 0
42.3 0.1 0
42.3 0.15 0
42.3 0.2 0
42.3 0.25 0
42.3 0.3 0
42.3 0.35 0
42.3 0.4 0
42.3 0.45 0
42.3 0.5 0.02
42.3 0.55 0
42.3 0.6 0.04
42.3 0.65 0.14
42.3 0.7 0.42
42.3 0.75 0.54
42.3 0.8 0.64
42.3 0.85 0.74
42.3 0.9 0.88
42.3 0.95 0.86
42.8 0 0
42.8 0.05 0
42.8 0.1 0
42.8 0.15 0
42.8 0.2 0
42.8 0.25 0
42.8 0.3 0
42.8 0.35 0
42.8 0.4 0
42.8 0.45 0
42.8 0.5 0
42.8 0.55 0.02
42.8 0.6 0.12
42.8 0.65 0.2
42.8 0.7 0.32
42.8 0.75 0.4
42.8 0.8 0.6
42.8 0.85 0.6
42.8 0.9 0.92
42.8 0.95 0.86
43.3 0 0
43.3 0.05 0
43.3 0.1 0
43.3 0.15 0
43.3 0.2 0
43.3 0.25 0
43.3 0.3 0
43.3 0.35 0
43.3 0.4 0
43.3 0.45 0
43.3 0.5 0
43.3 0.55 0.04
43.3 0.6 0.1
43.3 0.65 0.14
43.3 0.7 0.36
43.3 0.75 0.38
43.3 0.8 0.64
43.3 0.85 0.62
43.3 0.9 0.88
43.3 0.95 0.84
43.8 0 0
43.8 0.05 0
43.8 0.1 0
43.8 0.15 0
43.8 0.2 0
43.8 0.25 0
43.8 0.3 0
43.8 0.35 0
43.8 0.4 0
43.8 0.45 0.02
43.8 0.5 0
43.8 0.55 0
43.8 0.6 0.06
43.8 0.65 0.16
43.8 0.7 0.28
43.8 0.75 0.44
43.8 0.8 0.62
43.8 0.85 0.84
43.8 0.9 0.82
43.8 0.95 0.8
44.3 0 0
44.3 0.05 0
44.3 0.1 0
44.3 0.15 0
44.3 0.2 0
44.3 0.25 0
44.3 0.3 0
44.3 0.35 0
44.3 0.4 0
44.3 0.45 0
44.3 0.5 0
44.3 0.55 0.02
44.3 0.6 0.08
44.3 0.65 0.14
44.3 0.7 0.36
44.3 0.75 0.38
44.3 0.8 0.64
44.3 0.85 0.8
44.3 0.9 0.84
44.3 0.95 0.76
44.8 0 0
44.8 0.05 0
44.8 0.1 0
44.8 0.15 0
44.8 0.2 0
44.8 0.25 0
44.8 0.3 0
44.8 0.35 0
44.8 0.4 0
44.8 0.45 0
44.8 0.5 0
44.8 0.55 0
44.8 0.6 0.02
44.8 0.65 0.06
44.8 0.7 0.3
44.8 0.75 0.38
44.8 0.8 0.54
44.8 0.85 0.78
44.8 0.9 0.8
44.8 0.95 0.8
45.3 0 0
45.3 0.05 0
45.3 0.1 0
45.3 0.15 0
45.3 0.2 0
45.3 0.25 0
45.3 0.3 0
45.3 0.35 0
45.3 0.4 0
45.3 0.45 0.04
45.3 0.5 0
45.3 0.55 0.02
45.3 0.6 0
45.3 0.65 0.04
45.3 0.7 0.32
45.3 0.75 0.38
45.3 0.8 0.46
45.3 0.85 0.7
45.3 0.9 0.88
45.3 0.95 0.74
45.8 0 0
45.8 0.05 0
45.8 0.1 0
45.8 0.15 0
45.8 0.2 0
45.8 0.25 0
45.8 0.3 0
45.8 0.35 0
45.8 0.4 0
45.8 0.45 0.02
45.8 0.5 0.06
45.8 0.55 0.02
45.8 0.6 0.04
45.8 0.65 0.14
45.8 0.7 0.34
45.8 0.75 0.46
45.8 0.8 0.52
45.8 0.85 0.76
45.8 0.9 0.82
45.8 0.95 0.86
46.3 0 0
46.3 0.05 0
46.3 0.1 0
46.3 0.15 0
46.3 0.2 0
46.3 0.25 0
46.3 0.3 0
46.3 0.35 0
46.3 0.4 0
46.3 0.45 0
46.3 0.5 0.02
46.3 0.55 0.02
46.3 0.6 0.06
46.3 0.65 0.14
46.3 0.7 0.32
46.3 0.75 0.36
46.3 0.8 0.54
46.3 0.85 0.68
46.3 0.9 0.72
46.3 0.95 0.76
46.8 0 0
46.8 0.05 0
46.8 0.1 0
46.8 0.15 0
46.8 0.2 0
46.8 0.25 0
46.8 0.3 0
46.8 0.35 0
46.8 0.4 0
46.8 0.45 0
46.8 0.5 0
46.8 0.55 0
46.8 0.6 0.04
46.8 0.65 0.04
46.8 0.7 0.34
46.8 0.75 0.3
46.8 0.8 0.46
46.8 0.85 0.8
46.8 0.9 0.78
46.8 0.95 0.78
47.3 0 0
47.3 0.05 0
47.3 0.1 0
47.3 0.15 0
47.3 0.2 0
47.3 0.25 0
47.3 0.3 0
47.3 0.35 0
47.3 0.4 0
47.3 0.45 0.02
47.3 0.5 0.02
47.3 0.55 0
47.3 0.6 0.04
47.3 0.65 0.1
47.3 0.7 0.26
47.3 0.75 0.4
47.3 0.8 0.54
47.3 0.85 0.7
47.3 0.9 0.76
47.3 0.95 0.84
47.8 0 0
47.8 0.05 0
47.8 0.1 0
47.8 0.15 0
47.8 0.2 0
47.8 0.25 0
47.8 0.3 0
47.8 0.35 0
47.8 0.4 0
47.8 0.45 0
47.8 0.5 0
47.8 0.55 0
47.8 0.6 0.06
47.8 0.65 0.1
47.8 0.7 0.18
47.8 0.75 0.38
47.8 0.8 0.4
47.8 0.85 0.62
47.8 0.9 0.84
47.8 0.95 0.78
48.3 0 0
48.3 0.05 0
48.3 0.1 0
48.3 0.15 0
48.3 0.2 0
48.3 0.25 0
48.3 0.3 0
48.3 0.35 0
48.3 0.4 0
48.3 0.45 0
48.3 0.5 0.02
48.3 0.55 0
48.3 0.6 0
48.3 0.65 0.08
48.3 0.7 0.16
48.3 0.75 0.34
48.3 0.8 0.4
48.3 0.85 0.6
48.3 0.9 0.68
48.3 0.95 0.68
48.8 0 0
48.8 0.05 0
48.8 0.1 0
48.8 0.15 0
48.8 0.2 0
48.8 0.25 0
48.8 0.3 0.02
48.8 0.35 0
48.8 0.4 0
48.8 0.45 0
48.8 0.5 0.02
48.8 0.55 0.04
48.8 0.6 0.04
48.8 0.65 0.06
48.8 0.7 0.18
48.8 0.75 0.42
48.8 0.8 0.46
48.8 0.85 0.66
48.8 0.9 0.64
48.8 0.95 0.72
49.3 0 0
49.3 0.05 0
49.3 0.1 0
49.3 0.15 0
49.3 0.2 0
49.3 0.25 0
49.3 0.3 0
49.3 0.35 0
49.3 0.4 0
49.3 0.45 0
49.3 0.5 0.02
49.3 0.55 0
49.3 0.6 0.04
49.3 0.65 0.06
49.3 0.7 0.1
49.3 0.75 0.38
49.3 0.8 0.42
49.3 0.85 0.44
49.3 0.9 0.74
49.3 0.95 0.7
49.8 0 0
49.8 0.05 0
49.8 0.1 0
49.8 0.15 0
49.8 0.2 0
49.8 0.25 0
49.8 0.3 0
49.8 0.35 0
49.8 0.4 0
49.8 0.45 0
49.8 0.5 0.02
49.8 0.55 0
49.8 0.6 0.08
49.8 0.65 0.12
49.8 0.7 0.22
49.8 0.75 0.3
49.8 0.8 0.52
49.8 0.85 0.48
49.8 0.9 0.68
49.8 0.95 0.62
50.3 0 0
50.3 0.05 0
50.3 0.1 0
50.3 0.15 0
50.3 0.2 0
50.3 0.25 0
50.3 0.3 0
50.3 0.35 0
50.3 0.4 0.02
50.3 0.45 0
50.3 0.5 0
50.3 0.55 0.02
50.3 0.6 0.08
50.3 0.65 0.04
50.3 0.7 0.22
50.3 0.75 0.32
50.3 0.8 0.38
50.3 0.85 0.46
50.3 0.9 0.72
50.3 0.95 0.7
50.8 0 0
50.8 0.05 0
50.8 0.1 0
50.8 0.15 0
50.8 0.2 0
50.8 0.25 0
50.8 0.3 0
50.8 0.35 0
50.8 0.4 0
50.8 0.45 0
50.8 0.5 0
50.8 0.55 0.04
50.8 0.6 0.02
50.8 0.65 0.02
50.8 0.7 0.16
50.8 0.75 0.28
50.8 0.8 0.36
50.8 0.85 0.66
50.8 0.9 0.82
50.8 0.95 0.6
51.3 0 0
51.3 0.05 0
51.3 0.1 0
51.3 0.15 0
51.3 0.2 0
51.3 0.25 0
51.3 0.3 0
51.3 0.35 0
51.3 0.4 0
51.3 0.45 0
51.3 0.5 0.02
51.3 0.55 0
51.3 0.6 0.02
51.3 0.65 0.06
51.3 0.7 0.2
51.3 0.75 0.3
51.3 0.8 0.42
51.3 0.85 0.52
51.3 0.9 0.48
51.3 0.95 0.74
51.8 0 0
51.8 0.05 0
51.8 0.1 0
51.8 0.15 0
51.8 0.2 0
51.8 0.25 0
51.8 0.3 0
51.8 0.35 0.02
51.8 0.4 0
51.8 0.45 0
51.8 0.5 0.02
51.8 0.55 0
51.8 0.6 0.02
51.8 0.65 0.02
51.8 0.7 0.08
51.8 0.75 0.16
51.8 0.8 0.42
51.8 0.85 0.56
51.8 0.9 0.72
51.8 0.95 0.6
52.3 0 0
52.3 0.05 0
52.3 0.1 0
52.3 0.15 0
52.3 0.2 0
52.3 0.25 0
52.3 0.3 0
52.3 0.35 0
52.3 0.4 0
52.3 0.45 0
52.3 0.5 0.02
52.3 0.55 0
52.3 0.6 0.06
52.3 0.65 0.06
52.3 0.7 0.1
52.3 0.75 0.16
52.3 0.8 0.34
52.3 0.85 0.48
52.3 0.9 0.76
52.3 0.95 0.54
52.8 0 0
52.8 0.05 0
52.8 0.1 0
52.8 0.15 0
52.8 0.2 0
52.8 0.25 0
52.8 0.3 0
52.8 0.35 0
52.8 0.4 0
52.8 0.45 0
52.8 0.5 0
52.8 0.55 0.02
52.8 0.6 0.02
52.8 0.65 0.04
52.8 0.7 0.12
52.8 0.75 0.22
52.8 0.8 0.36
52.8 0.85 0.46
52.8 0.9 0.68
52.8 0.95 0.66
53.3 0 0
53.3 0.05 0
53.3 0.1 0
53.3 0.15 0
53.3 0.2 0
53.3 0.25 0
53.3 0.3 0
53.3 0.35 0
53.3 0.4 0
53.3 0.45 0
53.3 0.5 0.02
53.3 0.55 0.02
53.3 0.6 0.02
53.3 0.65 0.02
53.3 0.7 0.08
53.3 0.75 0.18
53.3 0.8 0.3
53.3 0.85 0.46
53.3 0.9 0.74
53.3 0.95 0.72
53.8 0 0
53.8 0.05 0
53.8 0.1 0
53.8 0.15 0
53.8 0.2 0
53.8 0.25 0
53.8 0.3 0
53.8 0.35 0
53.8 0.4 0
53.8 0.45 0.02
53.8 0.5 0
53.8 0.55 0.02
53.8 0.6 0
53.8 0.65 0.02
53.8 0.7 0.08
53.8 0.75 0.28
53.8 0.8 0.22
53.8 0.85 0.56
53.8 0.9 0.74
53.8 0.95 0.6
54.3 0 0
54.3 0.05 0
54.3 0.1 0
54.3 0.15 0
54.3 0.2 0
54.3 0.25 0
54.3 0.3 0
54.3 0.35 0.02
54.3 0.4 0
54.3 0.45 0
54.3 0.5 0
54.3 0.55 0
54.3 0.6 0.02
54.3 0.65 0.04
54.3 0.7 0.06
54.3 0.75 0.14
54.3 0.8 0.32
54.3 0.85 0.56
54.3 0.9 0.62
54.3 0.95 0.66
54.8 0 0
54.8 0.05 0
54.8 0.1 0
54.8 0.15 0
54.8 0.2 0
54.8 0.25 0
54.8 0.3 0
54.8 0.35 0
54.8 0.4 0
54.8 0.45 0
54.8 0.5 0
54.8 0.55 0
54.8 0.6 0.02
54.8 0.65 0
54.8 0.7 0.04
54.8 0.75 0.2
54.8 0.8 0.3
54.8 0.85 0.58
54.8 0.9 0.56
54.8 0.95 0.6
